Label,user_nIdx,UserName,Description,DescriptionLen,SpecialChar,UserGender,UserFan,UserFollow,UserWeibo,UserVerified,LoyalFan,Vip
2,0,薪火鹏,1.0,17.0,2.0,1.0,30.0,56.0,692.0,0.0,0.0,0.0
0,1,提尔乌斯,1.0,4.0,0.0,1.0,0.0,0.0,0.0,0.0,0.0,0.0
0,2,猫的摇篮-伪物,1.0,11.0,1.0,1.0,917.0,1109.0,2013.0,0.0,0.0,0.0
1,3,非常神奇的老z,0.0,0.0,0.0,1.0,13.0,59.0,9.0,0.0,0.0,0.0
0,4,假装很强的萌新,1.0,10.0,0.0,1.0,14.0,34.0,107.0,0.0,1.0,0.0
4,5,空空今天养乐多了吗,1.0,8.0,0.0,0.0,403.0,1436.0,7101.0,1.0,1.0,1.0
2,6,阿卡牟-akamoo,1.0,12.0,0.0,1.0,36.0,146.0,30.0,0.0,0.0,0.0
2,7,Y口十子,1.0,5.0,0.0,1.0,1145.0,377.0,4991.0,0.0,0.0,0.0
3,8,斯蒂芬徐,1.0,3.0,1.0,1.0,352.0,1344.0,4089.0,0.0,0.0,0.0
5,9,FAITHLESSS,0.0,0.0,0.0,1.0,199.0,290.0,553.0,0.0,0.0,0.0
3,10,4K包子,1.0,4.0,0.0,1.0,93.0,178.0,261.0,0.0,0.0,0.0
2,11,Clown1008,1.0,8.0,2.0,1.0,778.0,980.0,9.0,0.0,0.0,0.0
1,12,绯色灼眼,0.0,0.0,0.0,1.0,319.0,901.0,1009.0,0.0,0.0,0.0
2,13,Luciferbear,1.0,17.0,3.0,1.0,272.0,4944.0,6101.0,0.0,0.0,0.0
0,14,zx小堕,1.0,4.0,0.0,1.0,283.0,487.0,336.0,0.0,0.0,0.0
4,15,让我成为自己的锚,1.0,10.0,0.0,0.0,102.0,352.0,700.0,0.0,0.0,0.0
0,16,翔锅就是大象,1.0,8.0,0.0,1.0,1552.0,2459.0,4235.0,0.0,0.0,0.0
4,17,DoctorRab,1.0,15.0,4.0,0.0,183.0,296.0,9500.0,0.0,0.0,0.0
2,18,燃烧de狒狒,1.0,21.0,1.0,1.0,115.0,265.0,199.0,0.0,0.0,0.0
0,19,lkx3377456,1.0,7.0,2.0,1.0,56.0,44.0,394.0,0.0,0.0,0.0
1,20,kirasaya,0.0,0.0,0.0,1.0,24.0,99.0,609.0,0.0,0.0,0.0
4,21,研_________永远的新人,0.0,0.0,0.0,0.0,6.0,88.0,5.0,0.0,0.0,0.0
1,22,Antares1906,0.0,0.0,0.0,0.0,49.0,178.0,41.0,0.0,0.0,0.0
4,23,糊糊浃浃,1.0,8.0,8.0,0.0,421.0,636.0,9639.0,0.0,0.0,0.0
2,24,馀妍,1.0,6.0,1.0,1.0,193.0,197.0,1075.0,0.0,0.0,1.0
4,25,肖申克的后妈,1.0,5.0,0.0,0.0,2427.0,674.0,7361.0,0.0,0.0,0.0
4,26,Sun_Has_Sunny,1.0,7.0,5.0,0.0,1156.0,1253.0,6383.0,0.0,0.0,1.0
0,27,牧雨童,1.0,4.0,1.0,1.0,48.0,249.0,375.0,0.0,0.0,0.0
2,28,曾几何时的乡巴佬,1.0,7.0,0.0,1.0,36.0,41.0,143.0,0.0,0.0,0.0
3,29,唯yuan有小爆脾气,1.0,8.0,0.0,0.0,276.0,399.0,8763.0,0.0,0.0,0.0
4,30,能力有限Company,1.0,11.0,1.0,0.0,21.0,17.0,8.0,0.0,0.0,0.0
0,31,FD_ZJ,1.0,7.0,0.0,1.0,920.0,2028.0,6679.0,0.0,0.0,0.0
3,32,超级抠的华子的同事,1.0,10.0,0.0,0.0,228.0,557.0,5074.0,0.0,0.0,0.0
0,33,TVemu,1.0,7.0,0.0,1.0,119.0,681.0,1243.0,0.0,0.0,0.0
0,34,DEV-7,1.0,18.0,0.0,1.0,2692.0,36.0,39.0,1.0,0.0,0.0
1,35,南十字星MX,0.0,0.0,0.0,1.0,63.0,380.0,148.0,0.0,0.0,0.0
2,36,Yan-zitiao,1.0,10.0,1.0,1.0,21899.0,337.0,47.0,0.0,0.0,1.0
2,37,sid456838,1.0,6.0,1.0,1.0,358.0,499.0,5868.0,0.0,0.0,1.0
0,38,途泱,1.0,9.0,1.0,1.0,211.0,418.0,312.0,0.0,0.0,0.0
5,39,GiarlDxin,0.0,0.0,0.0,1.0,202.0,592.0,696.0,0.0,0.0,0.0
2,40,only_5,1.0,2.0,0.0,1.0,69.0,184.0,421.0,0.0,0.0,0.0
0,41,l_Asuka_l,1.0,1.0,2.0,1.0,79.0,202.0,5317.0,0.0,0.0,0.0
2,42,三十建构设计工作室,1.0,28.0,4.0,1.0,364.0,165.0,38.0,0.0,0.0,0.0
5,43,漂小流,0.0,0.0,0.0,1.0,1.0,9.0,2.0,0.0,0.0,0.0
0,44,MSK-友人A-,1.0,44.0,21.0,1.0,136.0,78.0,4989.0,0.0,0.0,0.0
2,45,逆风期多赚少花-aP,1.0,41.0,10.0,1.0,1622.0,479.0,12020.0,0.0,0.0,0.0
2,46,永冻豪宅,1.0,16.0,0.0,0.0,505.0,794.0,8027.0,0.0,0.0,1.0
0,47,超和平冬子,1.0,1.0,0.0,1.0,493.0,879.0,1784.0,0.0,0.0,0.0
0,48,jensouyzx,1.0,6.0,0.0,1.0,22.0,17.0,435.0,0.0,0.0,0.0
5,49,11223344八甲基环丁烷,0.0,0.0,0.0,1.0,95.0,288.0,1584.0,0.0,0.0,0.0
0,50,巖繭,1.0,8.0,1.0,1.0,829.0,777.0,8132.0,0.0,0.0,0.0
1,51,走运的猫,0.0,0.0,0.0,1.0,202.0,1391.0,157.0,0.0,0.0,0.0
4,52,Toshinmaro,1.0,13.0,2.0,0.0,2631.0,351.0,35008.0,1.0,0.0,0.0
2,53,林克没有时间,1.0,7.0,0.0,0.0,1076.0,631.0,874.0,0.0,0.0,0.0
5,54,夏天1227,0.0,0.0,0.0,1.0,186.0,302.0,498.0,0.0,0.0,0.0
0,55,伊伊伊然_,1.0,6.0,0.0,1.0,213.0,347.0,6772.0,0.0,0.0,1.0
2,56,Tusmuto,1.0,13.0,1.0,1.0,1768.0,5009.0,146598.0,0.0,0.0,0.0
5,57,JxmDY,0.0,0.0,0.0,1.0,74.0,130.0,242.0,0.0,0.0,0.0
0,58,D胡多多D,1.0,8.0,0.0,1.0,29728.0,992.0,360.0,1.0,0.0,1.0
2,59,丁悦律师,1.0,14.0,2.0,1.0,1553.0,2553.0,17732.0,1.0,0.0,0.0
2,60,毛毛熊abc,1.0,18.0,0.0,1.0,588.0,868.0,7300.0,0.0,0.0,0.0
4,61,沙豆布吉岛岛主,1.0,21.0,2.0,0.0,635.0,618.0,2818.0,0.0,0.0,0.0
0,62,智慧弟弟,1.0,1.0,1.0,1.0,490.0,501.0,3320.0,0.0,0.0,0.0
4,63,话唠专用矫正器,1.0,8.0,0.0,0.0,94.0,138.0,6095.0,0.0,0.0,0.0
0,64,J_Ukiyo,1.0,9.0,0.0,1.0,9506.0,612.0,1682.0,0.0,0.0,0.0
0,65,--领衔主演--,1.0,14.0,0.0,1.0,114.0,158.0,1737.0,0.0,0.0,0.0
3,66,蓝色格zi,1.0,25.0,4.0,1.0,52.0,352.0,1615.0,0.0,0.0,0.0
0,67,魔妖72,1.0,10.0,0.0,1.0,121.0,242.0,321.0,0.0,0.0,0.0
2,68,海拉鲁死鱼,1.0,4.0,0.0,1.0,69.0,159.0,203.0,0.0,0.0,0.0
2,69,绝缘_逻辑,1.0,32.0,1.0,0.0,493.0,358.0,683.0,0.0,0.0,0.0
2,70,白玦,1.0,9.0,0.0,0.0,184.0,521.0,925.0,0.0,0.0,0.0
3,71,ShadowMurlong,1.0,4.0,0.0,1.0,96.0,211.0,166.0,0.0,0.0,0.0
3,72,水饺码头,1.0,0.0,3.0,0.0,52.0,676.0,13300.0,0.0,0.0,0.0
4,73,就叫我亚索吧,1.0,2.0,0.0,0.0,271.0,1987.0,9634.0,0.0,0.0,0.0
0,74,小张张志祥,1.0,31.0,10.0,1.0,1057.0,846.0,4063.0,0.0,0.0,0.0
5,75,Goaheadbb,0.0,0.0,0.0,1.0,992.0,751.0,2286.0,0.0,0.0,0.0
2,76,果茶woye,1.0,5.0,0.0,1.0,43.0,250.0,571.0,0.0,0.0,0.0
3,77,FatMan_久,0.0,0.0,0.0,1.0,808.0,1397.0,3087.0,0.0,0.0,0.0
5,78,用户ysg2kn7stw,0.0,0.0,0.0,1.0,1.0,22.0,21.0,0.0,0.0,0.0
2,79,leon珺,1.0,6.0,1.0,1.0,38.0,200.0,54.0,0.0,0.0,0.0
0,80,_吴叫兽,1.0,3.0,0.0,1.0,43565.0,952.0,484.0,1.0,0.0,1.0
0,81,不瞎折腾不舒服斯基,1.0,9.0,1.0,1.0,363.0,299.0,198.0,0.0,0.0,0.0
2,82,_SCarLetII,1.0,4.0,1.0,1.0,63.0,309.0,849.0,0.0,0.0,0.0
0,83,坑有脑子,1.0,21.0,2.0,1.0,168.0,195.0,361.0,0.0,0.0,0.0
5,84,TOZZ_NextGen,0.0,0.0,0.0,1.0,503.0,269.0,2814.0,0.0,0.0,0.0
5,85,一只开闭闭,0.0,0.0,0.0,1.0,286.0,608.0,1214.0,0.0,0.0,0.0
4,86,amewbaby,0.0,0.0,0.0,0.0,74.0,23.0,408.0,0.0,0.0,0.0
2,87,vensli,1.0,9.0,1.0,1.0,2964.0,645.0,15520.0,0.0,0.0,0.0
2,88,狂乱贵公子,1.0,8.0,0.0,0.0,357.0,131.0,1969.0,0.0,0.0,0.0
4,89,什么时候长尾巴-,1.0,0.0,19.0,0.0,6088.0,299.0,58.0,0.0,0.0,0.0
3,90,散落羽翼丿,0.0,0.0,0.0,0.0,59.0,189.0,55.0,0.0,1.0,0.0
2,91,誓约胜利之王,1.0,9.0,9.0,1.0,647.0,124.0,4487.0,0.0,0.0,0.0
0,92,白石麻衣亲了察,1.0,5.0,0.0,1.0,460.0,2237.0,2030.0,0.0,0.0,1.0
0,93,间桐暴怒,1.0,8.0,1.0,1.0,258.0,653.0,139.0,0.0,1.0,0.0
5,94,xiong的闲居,0.0,0.0,0.0,1.0,29.0,96.0,192.0,0.0,0.0,0.0
4,95,我真的是一只小恐龙啊,1.0,5.0,0.0,0.0,45.0,3355.0,10359.0,0.0,0.0,0.0
3,96,最猪儿,0.0,0.0,0.0,0.0,86.0,263.0,148.0,0.0,0.0,0.0
3,97,盛夏的野兽_,1.0,9.0,0.0,1.0,749.0,699.0,8445.0,0.0,0.0,0.0
3,98,红玉胤紫,1.0,23.0,2.0,1.0,498.0,1081.0,12971.0,1.0,0.0,1.0
0,99,Cecilia_只影空遊,1.0,22.0,4.0,1.0,388.0,833.0,4538.0,0.0,0.0,0.0
2,100,水邪大人,1.0,8.0,1.0,1.0,278.0,273.0,594.0,0.0,0.0,0.0
2,101,养猫少年-阿晨,1.0,17.0,2.0,1.0,39.0,70.0,5.0,0.0,0.0,0.0
0,102,凌汛,1.0,14.0,1.0,1.0,4488.0,1500.0,16945.0,1.0,0.0,1.0
0,103,unscs1337,1.0,5.0,0.0,1.0,143.0,231.0,1867.0,0.0,0.0,0.0
0,104,穿刺仨甲,1.0,68.0,1.0,1.0,2994.0,1024.0,20229.0,0.0,0.0,0.0
3,105,亜空間遊泳,1.0,49.0,1.0,0.0,95.0,64.0,6721.0,0.0,0.0,0.0
4,106,小小小小小雨_,1.0,8.0,0.0,0.0,172.0,83.0,1680.0,0.0,0.0,0.0
4,107,盛夏薇澜,0.0,0.0,0.0,0.0,69.0,79.0,89.0,0.0,1.0,0.0
5,108,鱼饼干_Z,0.0,0.0,0.0,1.0,13.0,86.0,36.0,0.0,0.0,0.0
0,109,水哥的表弟,1.0,20.0,2.0,1.0,823.0,886.0,4476.0,0.0,0.0,0.0
1,110,thewonder,0.0,0.0,0.0,1.0,94.0,319.0,495.0,0.0,0.0,0.0
0,111,社会军规二十三,1.0,15.0,2.0,1.0,690.0,2237.0,2721.0,0.0,0.0,0.0
3,112,黑瞳过年,1.0,11.0,2.0,1.0,186.0,103.0,1705.0,0.0,0.0,0.0
0,113,给贫道来碗酒,1.0,3.0,6.0,1.0,371.0,251.0,10.0,0.0,0.0,0.0
5,114,把记忆结成冰zz,0.0,0.0,0.0,1.0,19.0,49.0,849.0,0.0,1.0,0.0
2,115,Be39_Gph,1.0,40.0,1.0,1.0,43.0,258.0,2971.0,0.0,0.0,0.0
5,116,Lost_2021,0.0,0.0,0.0,1.0,548.0,496.0,1534.0,0.0,0.0,0.0
2,117,胡吃海喝的胖伙计,1.0,6.0,1.0,1.0,51.0,884.0,2165.0,0.0,0.0,1.0
3,118,镰舞死神,1.0,54.0,7.0,1.0,455.0,299.0,674.0,0.0,0.0,0.0
1,119,不思者不语,0.0,0.0,0.0,1.0,60.0,545.0,2182.0,0.0,0.0,0.0
3,120,Ning某,1.0,37.0,7.0,1.0,985.0,2896.0,22824.0,0.0,0.0,1.0
1,121,HaaiHaaiHaai,0.0,0.0,0.0,1.0,594.0,929.0,2950.0,0.0,0.0,0.0
2,122,阿汛吗,1.0,18.0,3.0,1.0,527.0,168.0,387.0,0.0,0.0,0.0
3,123,Ant1m0ny,0.0,0.0,0.0,1.0,72.0,174.0,184.0,0.0,1.0,0.0
2,124,洛书_Anson,1.0,28.0,0.0,1.0,164.0,961.0,903.0,0.0,0.0,0.0
4,125,猫痣,1.0,8.0,3.0,0.0,709.0,96.0,4397.0,0.0,0.0,1.0
0,126,东木火火火火,1.0,13.0,2.0,1.0,1312.0,1101.0,16905.0,0.0,0.0,1.0
0,127,山德鲁大君,1.0,4.0,0.0,1.0,78.0,443.0,1033.0,0.0,0.0,0.0
0,128,庚酱好好吃,1.0,8.0,2.0,1.0,225.0,170.0,453.0,0.0,0.0,0.0
4,129,出生就在罗马,1.0,6.0,4.0,0.0,285.0,364.0,242.0,0.0,0.0,0.0
0,130,天勒个宇,1.0,11.0,2.0,1.0,924.0,1394.0,561.0,0.0,0.0,0.0
2,131,奶爸雪过云清,1.0,4.0,0.0,1.0,2118.0,2371.0,2980.0,0.0,0.0,0.0
3,132,Allen-Z,1.0,3.0,0.0,1.0,1521.0,1502.0,14426.0,0.0,1.0,0.0
0,133,风咏,1.0,12.0,2.0,1.0,164.0,310.0,1007.0,0.0,0.0,0.0
2,134,昨天炖的鱼,1.0,9.0,0.0,1.0,541.0,531.0,1208.0,0.0,0.0,0.0
2,135,醉筠子-躺了,1.0,13.0,0.0,0.0,476.0,2114.0,10193.0,0.0,0.0,0.0
0,136,ar峯,1.0,7.0,4.0,1.0,561.0,817.0,2920.0,0.0,0.0,0.0
3,137,能不能跪下来听我道歉,1.0,22.0,12.0,1.0,1000.0,2274.0,8945.0,0.0,1.0,0.0
5,138,我爱开封菜,0.0,0.0,0.0,1.0,19.0,265.0,265.0,0.0,0.0,0.0
0,139,NickHoward,1.0,5.0,0.0,1.0,561.0,139.0,1905.0,0.0,1.0,0.0
3,140,喵和仓鼠是一家,1.0,14.0,0.0,1.0,146.0,192.0,363.0,0.0,0.0,0.0
2,141,丨Sternen丨,1.0,14.0,0.0,0.0,15.0,56.0,5344.0,0.0,0.0,0.0
0,142,Mr小輝,1.0,14.0,2.0,1.0,272.0,157.0,2234.0,0.0,0.0,0.0
2,143,阿次次饭团咪,1.0,12.0,1.0,1.0,304.0,306.0,3573.0,0.0,0.0,1.0
3,144,333Repeat,1.0,16.0,4.0,0.0,631.0,406.0,3822.0,0.0,0.0,0.0
2,145,鵺之梦,1.0,8.0,0.0,1.0,566.0,613.0,10056.0,0.0,0.0,0.0
3,146,馬将军1989,1.0,11.0,1.0,1.0,2167.0,936.0,24037.0,1.0,0.0,1.0
5,147,逆天围脖_,0.0,0.0,0.0,1.0,55.0,430.0,8498.0,0.0,0.0,0.0
2,148,OK小团长-,1.0,2.0,0.0,1.0,3057.0,2984.0,2984.0,0.0,0.0,0.0
1,149,bozi_Wong,0.0,0.0,0.0,1.0,221.0,238.0,859.0,0.0,0.0,0.0
2,150,天缘skylove,1.0,6.0,0.0,1.0,661.0,387.0,4599.0,0.0,0.0,0.0
0,151,无情大手子,1.0,4.0,0.0,1.0,294.0,223.0,1732.0,0.0,0.0,0.0
1,152,狗狗是小腿子还是九九更是肘肘,0.0,0.0,0.0,1.0,142.0,93.0,2362.0,0.0,0.0,0.0
2,153,一吉desu,1.0,8.0,1.0,1.0,51.0,287.0,12.0,0.0,0.0,0.0
5,154,吮指原,1.0,14.0,2.0,1.0,7158.0,914.0,10128.0,1.0,0.0,0.0
2,155,凌晨一点改微博名,1.0,5.0,0.0,0.0,114.0,277.0,3031.0,0.0,0.0,0.0
0,156,_肉山小魔王-此号已废,1.0,1.0,0.0,1.0,1007.0,333.0,498.0,0.0,0.0,0.0
0,157,无语PK,1.0,17.0,0.0,1.0,1163.0,535.0,2814.0,0.0,0.0,0.0
2,158,焦糖-_-,1.0,10.0,1.0,1.0,93.0,332.0,1326.0,0.0,0.0,1.0
0,159,Abnaq3idmos,1.0,20.0,1.0,1.0,956.0,2573.0,19924.0,0.0,0.0,0.0
0,160,当艾来敲门,1.0,12.0,1.0,1.0,849.0,70.0,439.0,0.0,0.0,0.0
0,161,BoTakWong,1.0,36.0,2.0,1.0,630.0,1163.0,2028.0,0.0,0.0,0.0
0,162,TaTaG,1.0,14.0,3.0,1.0,1657.0,673.0,8708.0,0.0,0.0,1.0
4,163,Morgana_5,1.0,30.0,4.0,0.0,355.0,552.0,7783.0,0.0,0.0,0.0
0,164,Jshiro,1.0,7.0,2.0,1.0,42.0,96.0,518.0,0.0,0.0,0.0
3,165,進擊的暖寶寶-T_T,1.0,5.0,6.0,0.0,556.0,999.0,14117.0,0.0,0.0,0.0
3,166,不爱发博王左军,0.0,0.0,0.0,0.0,53.0,699.0,5546.0,0.0,0.0,0.0
2,167,-夫_子-,1.0,14.0,2.0,1.0,13396.0,2036.0,5298.0,1.0,0.0,1.0
3,168,Tom同学哈哈哈,1.0,15.0,1.0,1.0,23116.0,1543.0,20965.0,1.0,0.0,0.0
0,169,粗超人,1.0,5.0,0.0,1.0,189.0,565.0,152.0,0.0,0.0,0.0
0,170,夏天小熊猫_,1.0,10.0,1.0,1.0,344.0,323.0,730.0,0.0,0.0,0.0
1,171,剪不动了,0.0,0.0,0.0,1.0,581.0,868.0,1444.0,0.0,0.0,0.0
4,172,我不是蛐蛐,1.0,5.0,0.0,1.0,28135.0,4540.0,22628.0,0.0,0.0,0.0
0,173,桃黑亭,1.0,3.0,0.0,1.0,220.0,454.0,5835.0,0.0,1.0,0.0
0,174,suuji,1.0,9.0,1.0,1.0,649.0,201.0,7402.0,0.0,0.0,0.0
3,175,暂时冧唔到冧到话你知,0.0,0.0,0.0,0.0,2543.0,627.0,704.0,0.0,0.0,0.0
5,176,Yama丶M,0.0,0.0,0.0,1.0,26.0,278.0,382.0,0.0,0.0,0.0
4,177,这是小孟呀,1.0,70.0,4.0,0.0,1185.0,592.0,2022.0,0.0,0.0,0.0
2,178,猴猴我啊想飞,1.0,38.0,8.0,0.0,344.0,515.0,11629.0,0.0,0.0,0.0
4,179,M_Flamenco,1.0,11.0,2.0,0.0,13.0,184.0,4382.0,0.0,0.0,0.0
2,180,黑暗福音,1.0,8.0,2.0,1.0,902.0,629.0,25866.0,0.0,0.0,1.0
4,181,喵喵喵喵小靓,1.0,10.0,1.0,0.0,839.0,4518.0,4461.0,0.0,0.0,0.0
2,182,此人核无趣,1.0,1.0,1.0,1.0,474.0,264.0,94.0,0.0,0.0,0.0
4,183,天意如此Eling,1.0,9.0,0.0,0.0,280.0,364.0,1160.0,0.0,0.0,0.0
0,184,芙拉_flouri,1.0,6.0,0.0,0.0,174.0,247.0,6127.0,0.0,0.0,0.0
0,185,快点多谢甘楽哥啦,1.0,3.0,1.0,1.0,80.0,311.0,701.0,0.0,0.0,0.0
4,186,DDDDDlno,1.0,13.0,2.0,0.0,265.0,472.0,26502.0,0.0,0.0,0.0
2,187,不可思尹_,1.0,4.0,1.0,0.0,580.0,350.0,456.0,1.0,0.0,1.0
3,188,七夜菌绝赞社畜中,0.0,0.0,0.0,1.0,53.0,94.0,5.0,0.0,0.0,0.0
4,189,ablettshb,1.0,10.0,1.0,1.0,142.0,1516.0,36438.0,0.0,0.0,0.0
4,190,还是喜欢七只假爱豆,1.0,8.0,1.0,0.0,518.0,433.0,11010.0,0.0,0.0,1.0
3,191,亚拉里亚拉亚拉熊,1.0,56.0,6.0,1.0,308.0,837.0,1947.0,0.0,0.0,0.0
4,192,月司元,1.0,8.0,1.0,0.0,255.0,423.0,1972.0,0.0,0.0,0.0
0,193,非洲煤球部落酋长叁,1.0,11.0,0.0,1.0,378.0,271.0,1343.0,0.0,0.0,0.0
4,194,小桃子么,1.0,5.0,1.0,0.0,192.0,416.0,116.0,0.0,0.0,0.0
4,195,我们没文化的人就是这样的,1.0,7.0,0.0,0.0,212.0,782.0,9628.0,0.0,0.0,0.0
0,196,Jr_Way,1.0,1.0,2.0,1.0,187.0,498.0,1457.0,0.0,0.0,0.0
4,197,七_弹琴去吧弹自由的琴,1.0,8.0,1.0,0.0,171.0,1741.0,25500.0,0.0,0.0,0.0
4,198,coco星星星冰乐,1.0,16.0,0.0,0.0,1290.0,1016.0,1408.0,0.0,0.0,1.0
3,199,chelly丶,1.0,12.0,0.0,1.0,137.0,87.0,493.0,0.0,0.0,0.0
2,200,ReIKiTsuNeNeGi,1.0,44.0,1.0,1.0,537.0,1214.0,5160.0,0.0,0.0,0.0
0,201,邪道专家,1.0,43.0,7.0,1.0,33099.0,104.0,2329.0,1.0,0.0,0.0
3,202,破旧的时光机,1.0,16.0,0.0,1.0,583.0,981.0,13037.0,0.0,0.0,0.0
0,203,风都侦探菲利普,1.0,6.0,0.0,1.0,263.0,481.0,1400.0,0.0,0.0,0.0
2,204,_楪_,1.0,3.0,0.0,1.0,544.0,480.0,893.0,0.0,0.0,0.0
2,205,moeaya,1.0,12.0,8.0,0.0,180.0,529.0,2597.0,0.0,0.0,1.0
0,206,夜歌-Leiko,1.0,7.0,0.0,1.0,202.0,357.0,1012.0,0.0,0.0,0.0
2,207,余尧吉,1.0,7.0,0.0,0.0,709.0,1494.0,4297.0,0.0,0.0,0.0
4,208,打喷嚏的鱼丸,1.0,15.0,2.0,1.0,2115.0,1244.0,23706.0,0.0,0.0,0.0
1,209,哦啊衣喔了_656,0.0,0.0,0.0,0.0,1.0,106.0,0.0,0.0,0.0,0.0
5,210,ink麻烦热咯咯我刻薄破功,0.0,0.0,0.0,1.0,635.0,110.0,999.0,0.0,0.0,0.0
5,211,陈超超c,0.0,0.0,0.0,1.0,3680.0,270.0,33.0,0.0,0.0,0.0
0,212,牛小洛nilo,1.0,50.0,0.0,1.0,489.0,325.0,250.0,0.0,0.0,0.0
0,213,Dirk-诺维茨基,1.0,14.0,0.0,1.0,121.0,320.0,2098.0,0.0,1.0,0.0
1,214,warclen,0.0,0.0,0.0,1.0,84.0,152.0,242.0,0.0,0.0,0.0
0,215,Pixel76,1.0,1.0,0.0,1.0,170.0,1092.0,2513.0,0.0,0.0,0.0
2,216,不浪客_孟晓,1.0,8.0,0.0,1.0,117.0,1094.0,281.0,0.0,0.0,0.0
0,217,日月皆有阴晴圆缺,1.0,6.0,1.0,1.0,74.0,699.0,758.0,0.0,0.0,0.0
2,218,AlanWalk,1.0,19.0,2.0,1.0,311.0,209.0,3204.0,0.0,1.0,0.0
0,219,垃圾战士,1.0,24.0,5.0,1.0,3619.0,1241.0,5702.0,0.0,0.0,0.0
2,220,Darius木易三页,1.0,15.0,0.0,1.0,693.0,447.0,5620.0,0.0,0.0,0.0
0,221,-TIN-,1.0,8.0,1.0,1.0,49.0,158.0,1468.0,0.0,0.0,0.0
3,222,__CICC__,1.0,24.0,1.0,0.0,1042.0,4991.0,16553.0,0.0,0.0,0.0
2,223,Aloysius_牟,1.0,3.0,0.0,1.0,1198.0,850.0,4253.0,0.0,0.0,0.0
0,224,LingRxX,1.0,42.0,3.0,1.0,645.0,3791.0,6979.0,0.0,0.0,0.0
0,225,地-瓜,1.0,5.0,8.0,1.0,421.0,366.0,1625.0,0.0,0.0,0.0
4,226,kono呱呱岛,1.0,45.0,9.0,0.0,694.0,461.0,928.0,0.0,0.0,0.0
4,227,细佬b仔唔姓何,1.0,5.0,0.0,0.0,11404.0,1367.0,15747.0,1.0,0.0,1.0
2,228,泉此方Konata,1.0,2.0,0.0,0.0,366.0,428.0,1669.0,0.0,0.0,0.0
2,229,MAKUKAISEI,1.0,49.0,8.0,1.0,390.0,665.0,949.0,0.0,0.0,0.0
2,230,云养喵专业户,1.0,5.0,1.0,1.0,422.0,276.0,1621.0,0.0,0.0,0.0
4,231,飯後失神P,1.0,9.0,3.0,0.0,3396.0,335.0,3560.0,1.0,0.0,0.0
2,232,吐槽套,1.0,9.0,6.0,1.0,197.0,741.0,1408.0,0.0,0.0,0.0
5,233,任胖AWSL,0.0,0.0,0.0,1.0,79.0,204.0,273.0,0.0,0.0,0.0
2,234,健身环小冒险,1.0,8.0,0.0,1.0,490.0,770.0,1414.0,0.0,0.0,0.0
1,235,Oscar有了奥斯卡,0.0,0.0,0.0,1.0,107.0,276.0,455.0,0.0,0.0,0.0
2,236,小牛腩_,1.0,14.0,2.0,0.0,407.0,731.0,102.0,0.0,0.0,0.0
5,237,咸鱼蒸猪肉丶,0.0,0.0,0.0,1.0,111.0,207.0,8.0,0.0,0.0,0.0
0,238,Freebee_发粪涂墙,1.0,18.0,0.0,1.0,402.0,538.0,715.0,0.0,0.0,0.0
0,239,大工第一飞虎队队长,1.0,10.0,0.0,1.0,580.0,951.0,648.0,0.0,0.0,0.0
0,240,卐峰,1.0,4.0,0.0,1.0,390.0,1120.0,12258.0,0.0,0.0,0.0
2,241,黄金鲤鱼王_magicarp,1.0,19.0,0.0,1.0,1548.0,676.0,4464.0,0.0,0.0,0.0
4,242,宗炜CHAN,1.0,14.0,0.0,0.0,1644.0,503.0,151.0,1.0,0.0,0.0
0,243,Penguin汤汤汤汤汤汤汤汤汤汤汤,1.0,9.0,0.0,1.0,552.0,584.0,2337.0,0.0,0.0,0.0
3,244,菜刀温暖V5,1.0,46.0,7.0,1.0,1738.0,5024.0,74526.0,0.0,0.0,0.0
1,245,Ghost-sky,0.0,0.0,0.0,1.0,236.0,1228.0,6071.0,0.0,0.0,0.0
5,246,R-Fon,0.0,0.0,0.0,1.0,303.0,875.0,322.0,0.0,0.0,0.0
5,247,斌__LEO,0.0,0.0,0.0,1.0,185.0,540.0,1507.0,0.0,0.0,0.0
3,248,某中二小鹿不吃葱喵喵,1.0,8.0,0.0,0.0,73.0,559.0,2071.0,0.0,0.0,0.0
2,249,不死的八雲,1.0,13.0,3.0,1.0,216.0,1431.0,1275.0,0.0,0.0,0.0
2,250,乌林乌森,1.0,36.0,2.0,1.0,384.0,254.0,956.0,0.0,0.0,0.0
3,251,龍丶殇冰,0.0,0.0,0.0,1.0,10.0,93.0,14.0,0.0,0.0,0.0
5,252,麥芽狼,0.0,0.0,0.0,1.0,128.0,129.0,12.0,0.0,0.0,0.0
4,253,不想吃刀子了,0.0,0.0,0.0,0.0,253.0,1040.0,935.0,0.0,0.0,0.0
0,254,河馬BBQ,1.0,8.0,1.0,1.0,265.0,173.0,4467.0,0.0,0.0,0.0
4,255,月猫佑,1.0,10.0,0.0,0.0,1514.0,927.0,10084.0,1.0,0.0,0.0
2,256,你这么没种怎么做我的二当家,1.0,7.0,2.0,1.0,459.0,407.0,1944.0,0.0,0.0,0.0
0,257,-Jh_Y,1.0,0.0,1.0,1.0,785.0,948.0,54.0,0.0,0.0,0.0
3,258,MR_YGL,1.0,23.0,3.0,1.0,228.0,859.0,1054.0,0.0,0.0,0.0
4,259,-一尾流鸢-,1.0,26.0,5.0,0.0,470.0,1048.0,66.0,0.0,0.0,0.0
2,260,OoooneDay,1.0,10.0,3.0,1.0,81.0,132.0,57.0,0.0,0.0,0.0
3,261,麒星兔照,1.0,4.0,0.0,1.0,2060.0,8068.0,76350.0,0.0,0.0,1.0
1,262,好大的一块豆腐,0.0,0.0,0.0,1.0,152.0,954.0,1862.0,0.0,0.0,0.0
0,263,王者战魂5不屈,1.0,6.0,1.0,1.0,50.0,61.0,67.0,0.0,0.0,0.0
0,264,法老只因_,1.0,8.0,2.0,1.0,95.0,244.0,2265.0,0.0,0.0,0.0
0,265,Airshuaishuai,1.0,16.0,3.0,1.0,182.0,335.0,655.0,0.0,0.0,0.0
4,266,默默依风,1.0,30.0,2.0,0.0,70.0,316.0,510.0,0.0,0.0,0.0
2,267,里几,1.0,3.0,0.0,1.0,3315.0,371.0,422.0,1.0,0.0,0.0
5,268,风中摇曳zzzas,0.0,0.0,0.0,1.0,255.0,415.0,1238.0,0.0,0.0,0.0
0,269,建建森,1.0,8.0,3.0,1.0,725.0,674.0,5886.0,0.0,0.0,0.0
1,270,赤与蓝之神,0.0,0.0,0.0,1.0,93.0,664.0,19832.0,0.0,0.0,0.0
1,271,vivi去何方,0.0,0.0,0.0,0.0,39.0,985.0,4206.0,0.0,0.0,0.0
4,272,十元就是一道光呀,0.0,0.0,0.0,0.0,213.0,99.0,566.0,0.0,0.0,0.0
2,273,Sapphire_Dias_Phoenix,1.0,50.0,11.0,1.0,551.0,315.0,6600.0,0.0,0.0,0.0
0,274,米斯特旺旺,1.0,4.0,1.0,1.0,2332.0,190.0,760.0,0.0,0.0,1.0
3,275,true-lcy,0.0,0.0,0.0,0.0,367.0,697.0,1061.0,0.0,0.0,0.0
1,276,neko君,0.0,0.0,0.0,1.0,707.0,443.0,9227.0,0.0,1.0,0.0
3,277,DIEE_HAHAHA,0.0,0.0,0.0,1.0,917.0,846.0,10512.0,0.0,0.0,0.0
4,278,你好鬼厉先生,1.0,9.0,0.0,0.0,336.0,1006.0,1768.0,0.0,1.0,0.0
3,279,喵咪北胞,1.0,5.0,1.0,1.0,3162.0,1122.0,1637.0,0.0,0.0,0.0
2,280,克鲁希斯,1.0,31.0,2.0,1.0,9.0,60.0,146.0,0.0,0.0,0.0
2,281,社畜寻酱,1.0,10.0,0.0,0.0,577.0,262.0,9265.0,0.0,0.0,1.0
0,282,TENQEI,1.0,27.0,1.0,1.0,384.0,668.0,1496.0,0.0,0.0,1.0
0,283,Tsukikazu,1.0,12.0,5.0,1.0,144.0,100.0,4701.0,0.0,0.0,1.0
3,284,奥斯特洛夫斯渣,1.0,7.0,1.0,1.0,386.0,184.0,78.0,0.0,0.0,0.0
0,285,悠风麻薯,1.0,7.0,0.0,1.0,248.0,1301.0,6599.0,0.0,0.0,0.0
2,286,屎迪G,1.0,7.0,0.0,0.0,293.0,1901.0,10938.0,0.0,0.0,0.0
2,287,Sevemile,1.0,17.0,0.0,1.0,301.0,266.0,744.0,0.0,0.0,0.0
0,288,用户523650012,1.0,4.0,2.0,1.0,423.0,686.0,18868.0,0.0,0.0,0.0
0,289,_L_z_h,1.0,14.0,1.0,1.0,813.0,450.0,5989.0,0.0,0.0,0.0
0,290,魔都dlj,1.0,9.0,1.0,1.0,351.0,190.0,403.0,0.0,0.0,1.0
4,291,SakuraTREEx,0.0,0.0,0.0,0.0,176.0,460.0,1008.0,0.0,0.0,0.0
2,292,WimJimLeung,1.0,14.0,2.0,1.0,316.0,395.0,2362.0,0.0,1.0,0.0
0,293,静谧西林,1.0,3.0,0.0,1.0,104.0,389.0,395.0,0.0,0.0,0.0
4,294,班西的面具,1.0,14.0,1.0,0.0,213.0,2207.0,4124.0,0.0,0.0,1.0
4,295,·李鲤鲤·,1.0,0.0,23.0,0.0,412.0,160.0,4075.0,0.0,0.0,0.0
0,296,STEAL_WATAME,1.0,4.0,8.0,1.0,247.0,1687.0,13327.0,0.0,0.0,1.0
2,297,RRRRRRRRRRRRR个锤子神,1.0,4.0,4.0,1.0,408.0,928.0,9392.0,0.0,0.0,1.0
3,298,王阿口Echo0O,1.0,10.0,3.0,0.0,512.0,585.0,2316.0,0.0,0.0,0.0
0,299,桐人·MickeyChan,1.0,9.0,3.0,1.0,2689.0,2235.0,25449.0,1.0,0.0,1.0
1,300,EverRays_,0.0,0.0,0.0,1.0,3001.0,250.0,582.0,0.0,0.0,0.0
5,301,小凉小凉不欠打,1.0,18.0,1.0,1.0,78.0,243.0,1635.0,0.0,1.0,0.0
2,302,打游戏的小李,1.0,12.0,0.0,1.0,13.0,58.0,14105.0,1.0,1.0,0.0
5,303,迷路的胖哒,0.0,0.0,0.0,1.0,104.0,205.0,366.0,0.0,0.0,0.0
0,304,Tw_Himm,1.0,7.0,1.0,1.0,9235.0,532.0,750.0,0.0,0.0,0.0
1,305,一只红中君丶,0.0,0.0,0.0,1.0,15.0,115.0,31.0,0.0,0.0,0.0
4,306,恍光,1.0,8.0,1.0,0.0,4217.0,1662.0,786.0,1.0,0.0,0.0
3,307,有才Keith,1.0,4.0,1.0,1.0,606.0,169.0,3310.0,0.0,1.0,0.0
4,308,把浪漫留给风,1.0,5.0,0.0,0.0,85.0,753.0,2616.0,0.0,0.0,0.0
4,309,一点风吹草动____,1.0,0.0,3.0,0.0,117.0,366.0,1008.0,0.0,1.0,0.0
4,310,还是那个皮皮呀,1.0,32.0,10.0,0.0,419.0,1792.0,25784.0,1.0,0.0,1.0
0,311,RJ7欣,1.0,39.0,5.0,1.0,1171.0,365.0,912.0,0.0,0.0,0.0
2,312,Hi洪双喜,1.0,8.0,0.0,0.0,4240.0,959.0,13421.0,1.0,0.0,0.0
5,313,泥头车师傅1,0.0,0.0,0.0,1.0,0.0,19.0,30.0,0.0,0.0,0.0
3,314,AkiAka666,0.0,0.0,0.0,1.0,204.0,275.0,563.0,0.0,0.0,0.0
2,315,貓與貓尋_inamin,1.0,3.0,1.0,1.0,120.0,225.0,1059.0,0.0,0.0,0.0
0,316,Kelater,1.0,11.0,2.0,1.0,763.0,2079.0,1174.0,0.0,0.0,0.0
0,317,Mountain-E,1.0,2.0,0.0,1.0,69.0,198.0,826.0,0.0,0.0,0.0
4,318,琴音是个小太陽,1.0,12.0,0.0,0.0,4823.0,458.0,5.0,0.0,0.0,0.0
4,319,他他达拉菲草莓味冰激凌凌凌凌,1.0,14.0,3.0,0.0,264.0,8319.0,34019.0,0.0,0.0,0.0
5,320,寒天黑糖,1.0,47.0,6.0,0.0,27567.0,353.0,3559.0,0.0,0.0,1.0
5,321,囊同学的老父亲,0.0,0.0,0.0,1.0,17.0,350.0,57.0,0.0,0.0,0.0
0,322,早睡早起桑,1.0,4.0,0.0,1.0,103.0,89.0,1466.0,0.0,1.0,0.0
4,323,柴柴汪_滚去打游戏啊,1.0,12.0,3.0,0.0,1152.0,986.0,25238.0,0.0,0.0,0.0
3,324,肥对行,1.0,0.0,1.0,1.0,522.0,349.0,5748.0,0.0,0.0,0.0
4,325,黄颖的黄n黄颖的颖,0.0,0.0,0.0,0.0,395.0,218.0,186.0,0.0,0.0,0.0
0,326,忘掉梦想的愚蠢地球人,1.0,7.0,1.0,1.0,595.0,303.0,4246.0,0.0,0.0,1.0
2,327,狼小灬灰,1.0,13.0,0.0,1.0,508.0,437.0,6115.0,0.0,0.0,0.0
0,328,简单复杂否,1.0,7.0,0.0,1.0,73.0,332.0,4815.0,0.0,0.0,0.0
0,329,白圭君,1.0,3.0,0.0,1.0,588.0,886.0,5994.0,0.0,0.0,0.0
0,330,_鄧建安,1.0,10.0,0.0,1.0,765.0,433.0,98.0,0.0,0.0,0.0
0,331,ronto终于改掉了名字,1.0,0.0,5.0,1.0,577.0,606.0,4718.0,0.0,0.0,0.0
5,332,连哄带蒙不要脸,0.0,0.0,0.0,1.0,15.0,48.0,147.0,0.0,0.0,0.0
4,333,_思琪姐姐,1.0,14.0,0.0,0.0,746.0,298.0,612.0,0.0,0.0,0.0
4,334,Candy嬌是熊孩子,1.0,18.0,3.0,0.0,591.0,498.0,6353.0,0.0,0.0,0.0
0,335,旅途_tou,1.0,55.0,12.0,1.0,82.0,195.0,1323.0,0.0,0.0,0.0
1,336,宅车,0.0,0.0,0.0,1.0,94.0,35.0,157.0,0.0,0.0,0.0
5,337,Hydra_CAT,0.0,0.0,0.0,1.0,201.0,1033.0,2065.0,0.0,0.0,0.0
2,338,饱饱的希希的机智哥哥,1.0,14.0,2.0,1.0,460.0,572.0,7030.0,0.0,0.0,0.0
2,339,团成个大球,1.0,3.0,3.0,0.0,563.0,2043.0,66001.0,0.0,0.0,0.0
2,340,Chen_Sn,1.0,2.0,0.0,1.0,872.0,199.0,2268.0,0.0,0.0,0.0
2,341,野鸭子与香烟,1.0,4.0,10.0,1.0,458.0,339.0,1108.0,0.0,0.0,0.0
1,342,yinglianqiang,0.0,0.0,0.0,1.0,136.0,115.0,716.0,0.0,0.0,0.0
5,343,雅客吸,0.0,0.0,0.0,1.0,423.0,921.0,545.0,0.0,0.0,0.0
2,344,PhoenixKira沈超,1.0,13.0,8.0,1.0,7783.0,2755.0,10582.0,1.0,0.0,1.0
0,345,饼哥萌点偏,1.0,25.0,1.0,1.0,766.0,1305.0,6733.0,0.0,0.0,0.0
1,346,薛定谔的邻居家的猫,0.0,0.0,0.0,1.0,455.0,369.0,4705.0,0.0,0.0,0.0
3,347,大杜老师15,1.0,6.0,1.0,1.0,408.0,191.0,1031.0,0.0,0.0,0.0
4,348,Kohak彡,1.0,2.0,1.0,0.0,478.0,236.0,621.0,0.0,0.0,0.0
1,349,zZjw0w,0.0,0.0,0.0,1.0,279.0,1101.0,404.0,0.0,0.0,0.0
0,350,何其坪,1.0,13.0,3.0,1.0,836.0,1563.0,7362.0,0.0,0.0,1.0
2,351,仁与梦,1.0,12.0,1.0,1.0,68.0,114.0,204.0,0.0,0.0,0.0
0,352,本凯西C,1.0,24.0,2.0,1.0,701.0,239.0,142.0,0.0,0.0,0.0
4,353,饼玉玉,1.0,36.0,0.0,0.0,1846.0,303.0,4840.0,0.0,0.0,1.0
0,354,鬼魅狂笑的老李,1.0,4.0,0.0,1.0,248.0,805.0,15573.0,0.0,0.0,0.0
0,355,孙哥儿在广州,1.0,0.0,1.0,1.0,401.0,2171.0,5955.0,0.0,0.0,0.0
2,356,安澈c,1.0,8.0,0.0,0.0,4138.0,540.0,726.0,0.0,0.0,0.0
0,357,Philipp_,1.0,8.0,1.0,1.0,438.0,185.0,1682.0,0.0,0.0,0.0
3,358,凛_水无月,1.0,8.0,1.0,1.0,445.0,451.0,165.0,0.0,0.0,0.0
0,359,三分归元气少年,1.0,10.0,0.0,1.0,111.0,152.0,2576.0,0.0,0.0,0.0
5,360,皮蛋熊,0.0,0.0,0.0,1.0,1900.0,984.0,3078.0,0.0,0.0,0.0
4,361,张不开嘴-,1.0,14.0,1.0,0.0,212.0,499.0,1940.0,0.0,0.0,0.0
1,362,D0uble_CheeseBurger,0.0,0.0,0.0,1.0,25.0,76.0,169.0,0.0,0.0,0.0
3,363,就不能全英文吗CS,1.0,11.0,1.0,1.0,612.0,505.0,299.0,0.0,0.0,0.0
2,364,Zzzeppelin,1.0,1.0,1.0,1.0,65.0,378.0,774.0,0.0,0.0,0.0
3,365,工口大灰,1.0,16.0,2.0,0.0,657.0,1659.0,6034.0,0.0,0.0,0.0
5,366,Messnow1,0.0,0.0,0.0,1.0,19.0,53.0,9.0,0.0,0.0,0.0
0,367,弐辛,1.0,16.0,1.0,1.0,12128.0,559.0,338.0,0.0,0.0,0.0
0,368,真呼名子,1.0,20.0,4.0,1.0,94.0,387.0,103.0,0.0,0.0,0.0
4,369,盐渍噜,1.0,4.0,0.0,0.0,172.0,424.0,3360.0,0.0,0.0,1.0
0,370,人生真是寂寞如雪啊x,1.0,12.0,1.0,1.0,251.0,296.0,5549.0,0.0,0.0,0.0
3,371,栗山未来厨,0.0,0.0,0.0,1.0,961.0,215.0,5730.0,1.0,0.0,0.0
4,372,啊一加一JOY,1.0,50.0,5.0,0.0,27344.0,1158.0,7771.0,1.0,0.0,1.0
2,373,徐小夏在夏倦,1.0,18.0,4.0,0.0,366.0,686.0,4170.0,0.0,0.0,0.0
1,374,willlee316,0.0,0.0,0.0,1.0,97.0,2515.0,798.0,0.0,0.0,0.0
3,375,改了名儿也像个水军,1.0,3.0,0.0,1.0,144.0,342.0,2935.0,0.0,0.0,0.0
4,376,好运爆棚女孩,1.0,19.0,1.0,0.0,430.0,5071.0,67278.0,0.0,1.0,0.0
2,377,花落潮鸣,1.0,9.0,0.0,1.0,45.0,103.0,30.0,0.0,0.0,0.0
3,378,少女不到80斤,1.0,12.0,8.0,0.0,1362.0,498.0,562.0,0.0,0.0,0.0
0,379,鸥洗恩,1.0,14.0,2.0,1.0,98.0,305.0,130.0,0.0,0.0,0.0
4,380,蓝猫是尼玛,1.0,7.0,1.0,0.0,1.0,75.0,266.0,0.0,0.0,0.0
2,381,穿拖鞋的烟,1.0,5.0,0.0,0.0,358.0,536.0,1571.0,0.0,0.0,0.0
0,382,打工鸡仔,1.0,4.0,1.0,1.0,186.0,846.0,7180.0,0.0,0.0,0.0
3,383,c不吃夜宵,1.0,5.0,0.0,1.0,270.0,955.0,6517.0,0.0,0.0,0.0
0,384,一名强者,1.0,8.0,0.0,1.0,38.0,74.0,21.0,0.0,0.0,0.0
5,385,ZAKI_2473,0.0,0.0,0.0,1.0,301.0,46.0,8.0,0.0,0.0,0.0
0,386,vegetaaaaaa_,1.0,9.0,0.0,1.0,1448.0,658.0,1656.0,0.0,0.0,0.0
2,387,巨巨巨巨巨巨巨巨蟹蟹,1.0,6.0,1.0,1.0,127.0,743.0,869.0,0.0,0.0,0.0
4,388,胖次三,1.0,6.0,2.0,0.0,254585.0,159.0,1829.0,1.0,0.0,1.0
4,389,CCMISSUUU,1.0,7.0,0.0,0.0,1062.0,2388.0,1083.0,0.0,0.0,1.0
0,390,王小花喵喵咪,1.0,5.0,1.0,1.0,237.0,326.0,953.0,0.0,0.0,0.0
2,391,凉粱,1.0,5.0,0.0,1.0,413.0,1558.0,3889.0,0.0,0.0,0.0
2,392,注销990011232,1.0,2.0,0.0,1.0,1359.0,1608.0,5318.0,0.0,0.0,0.0
1,393,好的收到嗯嗯,0.0,0.0,0.0,1.0,1275.0,394.0,387.0,0.0,0.0,0.0
4,394,洛洛洛Sevilos,1.0,16.0,1.0,0.0,193.0,363.0,346.0,0.0,0.0,0.0
4,395,天中有肆,1.0,4.0,1.0,0.0,165.0,304.0,1448.0,0.0,0.0,0.0
1,396,落秋禾杊,0.0,0.0,0.0,0.0,75.0,167.0,751.0,0.0,1.0,0.0
4,397,数据线纳豆奶奶,1.0,17.0,1.0,0.0,280.0,109.0,227.0,0.0,1.0,0.0
3,398,见猪师,1.0,4.0,0.0,1.0,144.0,440.0,4046.0,0.0,0.0,0.0
4,399,lu_luella,1.0,51.0,7.0,0.0,43.0,597.0,2055.0,0.0,0.0,0.0
2,400,17173轩辕,1.0,14.0,1.0,1.0,2736.0,462.0,897.0,1.0,0.0,0.0
1,401,向着太阳奔跑吧,0.0,0.0,0.0,1.0,236.0,102.0,1085.0,0.0,0.0,0.0
3,402,仙霞派代表,1.0,20.0,8.0,1.0,155.0,523.0,15656.0,1.0,0.0,1.0
4,403,吃橘子的布丁,0.0,0.0,0.0,0.0,159.0,315.0,12.0,0.0,0.0,0.0
3,404,喵了个咪喵喵喵喵,0.0,0.0,0.0,0.0,208.0,392.0,618.0,0.0,0.0,0.0
2,405,疯狂的小木人,1.0,53.0,7.0,0.0,231.0,303.0,330.0,0.0,0.0,0.0
4,406,不叫Cory叫叁秒,1.0,21.0,2.0,0.0,101.0,552.0,1179.0,0.0,0.0,0.0
4,407,Ohtani17,1.0,26.0,18.0,0.0,219.0,261.0,575.0,0.0,0.0,0.0
0,408,中空骰子,1.0,5.0,0.0,1.0,14.0,78.0,2.0,0.0,0.0,0.0
3,409,猪啊豪,1.0,9.0,1.0,0.0,482.0,1620.0,2650.0,0.0,0.0,1.0
3,410,微笑与暖风,1.0,25.0,3.0,1.0,238.0,249.0,374.0,0.0,0.0,0.0
4,411,heyjue,1.0,16.0,2.0,1.0,965.0,346.0,48912.0,0.0,0.0,0.0
3,412,DaftStone,1.0,2.0,0.0,1.0,195.0,167.0,1490.0,0.0,0.0,0.0
5,413,英灵丘比,0.0,0.0,0.0,1.0,48.0,121.0,166.0,0.0,0.0,0.0
1,414,丿丶面,0.0,0.0,0.0,0.0,69.0,268.0,1232.0,0.0,1.0,0.0
3,415,XiaoChoubbb,1.0,4.0,0.0,1.0,306.0,646.0,1399.0,0.0,0.0,0.0
4,416,百歌小天才,1.0,12.0,0.0,0.0,114.0,359.0,3658.0,0.0,0.0,0.0
0,417,_YukLung,1.0,16.0,2.0,1.0,1055.0,545.0,3461.0,0.0,0.0,1.0
2,418,一直用塞班不会玩安卓,1.0,7.0,5.0,1.0,96.0,424.0,1365.0,0.0,0.0,0.0
1,419,saber家今天的饭,0.0,0.0,0.0,1.0,74.0,151.0,295.0,0.0,0.0,0.0
2,420,鲜肉腊八饭,1.0,6.0,1.0,1.0,78.0,27.0,1238.0,0.0,0.0,0.0
0,421,庭叔-JACK,1.0,12.0,2.0,1.0,125.0,38.0,1126.0,0.0,0.0,0.0
4,422,-葉書,1.0,7.0,7.0,0.0,1743.0,1157.0,56.0,0.0,0.0,0.0
2,423,蔷薇真是rose,1.0,6.0,1.0,1.0,130.0,106.0,2340.0,0.0,0.0,0.0
0,424,AssassinCat_刺客猫,1.0,1.0,12.0,1.0,55.0,190.0,799.0,0.0,0.0,0.0
2,425,7K_FreeStyle,1.0,13.0,0.0,1.0,129.0,245.0,3402.0,0.0,0.0,0.0
4,426,小昭cxz,1.0,13.0,3.0,0.0,302.0,518.0,2288.0,0.0,0.0,0.0
3,427,不是曾老师,1.0,7.0,1.0,1.0,132.0,233.0,1179.0,0.0,0.0,0.0
0,428,黑云母wizone,1.0,5.0,0.0,1.0,306.0,537.0,10779.0,0.0,0.0,0.0
0,429,吴亚为,1.0,8.0,0.0,1.0,352.0,281.0,1645.0,0.0,0.0,0.0
3,430,Bladerunner_07,1.0,9.0,0.0,1.0,346.0,296.0,212.0,1.0,1.0,0.0
2,431,_阿楠_,1.0,54.0,1.0,1.0,857.0,989.0,18609.0,1.0,0.0,0.0
3,432,哎嗨呦拽,0.0,0.0,0.0,0.0,143.0,1121.0,2214.0,0.0,0.0,0.0
0,433,阿飘TinnedFish,1.0,35.0,9.0,1.0,307.0,418.0,4959.0,1.0,0.0,0.0
2,434,枝楠,1.0,4.0,0.0,0.0,19861.0,497.0,402.0,0.0,0.0,1.0
4,435,Mercury_阿凉,1.0,17.0,1.0,0.0,25485.0,520.0,20847.0,1.0,1.0,1.0
2,436,lihua不会写作文,1.0,36.0,6.0,1.0,701.0,2134.0,35638.0,0.0,1.0,1.0
0,437,SA口吐芬芳,1.0,9.0,0.0,1.0,306.0,179.0,158.0,0.0,0.0,0.0
2,438,ksqc_,1.0,4.0,0.0,1.0,708.0,432.0,1467.0,0.0,0.0,0.0
5,439,油兔音乐,0.0,0.0,0.0,1.0,43.0,22.0,33.0,0.0,0.0,0.0
3,440,小happy点,1.0,13.0,2.0,1.0,128.0,579.0,4220.0,0.0,1.0,0.0
5,441,Gyana_J,0.0,0.0,0.0,1.0,56.0,85.0,130.0,0.0,0.0,0.0
2,442,Domiso武士,1.0,6.0,11.0,0.0,788.0,4262.0,15073.0,0.0,0.0,0.0
2,443,Popure_,1.0,21.0,5.0,1.0,119.0,132.0,170.0,0.0,0.0,0.0
2,444,一大颗大桔子,1.0,0.0,11.0,0.0,806.0,1498.0,34030.0,0.0,0.0,0.0
0,445,MelancholyZmon,1.0,4.0,0.0,1.0,226.0,13.0,7.0,0.0,0.0,0.0
0,446,MisterGenessyLeong,1.0,46.0,4.0,1.0,3805.0,1092.0,360.0,0.0,0.0,0.0
3,447,大眼贼让我说话天塌不了,0.0,0.0,0.0,1.0,1329.0,988.0,614.0,0.0,0.0,1.0
4,448,odd__y,0.0,0.0,0.0,0.0,196.0,86.0,5.0,0.0,0.0,0.0
3,449,陳陈陈C__,1.0,2.0,1.0,1.0,324.0,485.0,265.0,0.0,0.0,0.0
2,450,Vivi___ZHOU要好好读书,1.0,11.0,2.0,0.0,644.0,400.0,5841.0,0.0,0.0,0.0
0,451,小叻ROKA,1.0,9.0,0.0,1.0,6058.0,957.0,3212.0,1.0,0.0,1.0
3,452,周笑穿,0.0,0.0,0.0,1.0,143.0,551.0,2403.0,0.0,0.0,0.0
1,453,strong_nn,0.0,0.0,0.0,0.0,546.0,364.0,908.0,0.0,0.0,0.0
3,454,Chersan_,1.0,8.0,2.0,1.0,187.0,510.0,314.0,0.0,0.0,0.0
5,455,尘世间见,0.0,0.0,0.0,1.0,15.0,155.0,184.0,0.0,0.0,0.0
2,456,灬浩晖晖晖晖晖晖,1.0,17.0,1.0,1.0,273.0,101.0,174.0,0.0,0.0,0.0
4,457,M一颗洋葱,1.0,4.0,1.0,0.0,755.0,1383.0,6414.0,1.0,0.0,0.0
0,458,老周叔叔啊,1.0,8.0,1.0,1.0,284.0,379.0,1270.0,0.0,0.0,0.0
5,459,桂陵君,1.0,46.0,9.0,1.0,225.0,364.0,3533.0,0.0,1.0,1.0
0,460,林启裕Jim,1.0,12.0,3.0,1.0,532.0,509.0,2327.0,0.0,0.0,0.0
3,461,張家_四少,1.0,15.0,2.0,1.0,329.0,1226.0,517.0,0.0,0.0,0.0
2,462,虾乐B1996,1.0,9.0,1.0,1.0,282.0,548.0,1711.0,0.0,0.0,0.0
1,463,你害想咋滴,0.0,0.0,0.0,1.0,1319.0,329.0,8.0,0.0,0.0,0.0
5,464,__Huu__,0.0,0.0,0.0,1.0,8.0,75.0,411.0,0.0,0.0,0.0
2,465,胡同酱肉,1.0,12.0,1.0,1.0,442.0,214.0,4917.0,0.0,0.0,1.0
2,466,萌纸,1.0,20.0,3.0,0.0,6196.0,1967.0,22713.0,1.0,0.0,1.0
0,467,我门牙碎了,1.0,4.0,0.0,1.0,145.0,333.0,4104.0,0.0,0.0,0.0
0,468,一只熊诶,1.0,14.0,1.0,1.0,281.0,146.0,221.0,0.0,0.0,0.0
5,469,宇智波带球过人,0.0,0.0,0.0,1.0,10.0,71.0,18.0,0.0,0.0,0.0
5,470,_负加号,0.0,0.0,0.0,1.0,415.0,319.0,10.0,0.0,0.0,0.0
0,471,Davidtheotaku,1.0,2.0,1.0,1.0,1376.0,421.0,1575.0,0.0,0.0,1.0
3,472,九处,1.0,15.0,2.0,1.0,1734.0,5025.0,25044.0,1.0,0.0,0.0
0,473,Saint343,1.0,6.0,2.0,1.0,26.0,42.0,43.0,0.0,0.0,0.0
3,474,从前有只咩萝poi,1.0,31.0,9.0,0.0,468.0,2059.0,24270.0,0.0,0.0,0.0
0,475,BL青涩UE,1.0,2.0,0.0,1.0,38.0,219.0,1038.0,0.0,0.0,0.0
0,476,红空岛寺,1.0,4.0,0.0,1.0,27.0,171.0,183.0,0.0,0.0,0.0
2,477,好名子都被别人起了,1.0,0.0,5.0,1.0,79.0,80.0,174.0,0.0,0.0,0.0
2,478,废柴阿潜,1.0,7.0,1.0,0.0,114.0,228.0,447.0,0.0,0.0,0.0
3,479,被子好冷,0.0,0.0,0.0,0.0,229.0,783.0,1517.0,0.0,0.0,0.0
5,480,二十七要努力赚钱给66开皇帝,0.0,0.0,0.0,1.0,46.0,283.0,218.0,0.0,0.0,0.0
3,481,饭岛靖贵-,1.0,27.0,1.0,1.0,89.0,544.0,716.0,0.0,0.0,0.0
2,482,Alery若梦梦,1.0,7.0,1.0,0.0,139.0,130.0,523.0,0.0,0.0,0.0
3,483,子路我擦勒,0.0,0.0,0.0,1.0,32.0,274.0,779.0,0.0,0.0,0.0
3,484,一份糖炒栗栗子,1.0,6.0,7.0,0.0,434.0,1009.0,3128.0,0.0,0.0,0.0
2,485,来栖蓝,1.0,72.0,11.0,0.0,812.0,505.0,41255.0,0.0,0.0,1.0
2,486,Sweet_VioleT,1.0,4.0,0.0,1.0,46.0,53.0,759.0,0.0,0.0,0.0
0,487,iYaF-,1.0,3.0,0.0,1.0,154.0,164.0,64.0,0.0,0.0,0.0
0,488,渐行渐近近个锤子,1.0,10.0,2.0,1.0,126.0,270.0,143.0,0.0,0.0,0.0
3,489,Lu5h1ife,1.0,10.0,0.0,1.0,99.0,110.0,23.0,0.0,0.0,0.0
2,490,Ray_约定湘南,1.0,5.0,0.0,0.0,799.0,776.0,24121.0,0.0,0.0,0.0
0,491,Cynicus,1.0,12.0,1.0,1.0,15.0,200.0,29.0,0.0,0.0,0.0
0,492,某科学的超中二病,1.0,25.0,3.0,1.0,346.0,423.0,1945.0,0.0,0.0,0.0
2,493,CyyyyyC233,1.0,17.0,1.0,0.0,118.0,677.0,1562.0,0.0,0.0,0.0
3,494,大头_红警13,1.0,1.0,0.0,1.0,171.0,199.0,4328.0,0.0,0.0,0.0
4,495,PM训练家Damian,1.0,27.0,5.0,0.0,804.0,460.0,7768.0,0.0,0.0,0.0
0,496,月似旧时梦,1.0,8.0,3.0,1.0,42.0,117.0,51.0,0.0,0.0,0.0
2,497,要拓宽生命的质量啊-,1.0,14.0,1.0,1.0,118.0,80.0,117.0,0.0,0.0,0.0
2,498,WarfarinAnalogue,1.0,0.0,13.0,0.0,504.0,141.0,6688.0,0.0,0.0,1.0
5,499,9u4p,0.0,0.0,0.0,1.0,88.0,342.0,134.0,0.0,0.0,0.0
2,500,步尘烟今天吃好吃的了吗,1.0,10.0,1.0,1.0,195.0,282.0,549.0,0.0,0.0,0.0
4,501,白鹤行云,1.0,16.0,3.0,0.0,595.0,539.0,3462.0,0.0,0.0,0.0
0,502,CROW-32,1.0,5.0,0.0,1.0,722.0,152.0,2829.0,0.0,0.0,0.0
2,503,木凫连个洬,1.0,10.0,0.0,0.0,39.0,182.0,34.0,0.0,0.0,0.0
3,504,行走不回头,1.0,8.0,1.0,1.0,141.0,70.0,5156.0,0.0,0.0,0.0
5,505,playingapart,0.0,0.0,0.0,1.0,100.0,78.0,202.0,0.0,0.0,0.0
5,506,爱空翻斯坦,0.0,0.0,0.0,1.0,93.0,147.0,173.0,0.0,0.0,0.0
4,507,drizzle在等不高兴,1.0,16.0,0.0,0.0,408.0,691.0,315.0,0.0,0.0,0.0
1,508,彷徨的向日葵,0.0,0.0,0.0,0.0,69.0,181.0,1294.0,0.0,0.0,0.0
1,509,GanChongren,0.0,0.0,0.0,1.0,145.0,3222.0,5419.0,0.0,0.0,0.0
0,510,飞哥皇冠瑜伽会所,1.0,13.0,1.0,1.0,8.0,99.0,832.0,0.0,0.0,0.0
5,511,三千院凰,0.0,0.0,0.0,1.0,70.0,297.0,162.0,0.0,0.0,0.0
0,512,SheepishRicardo,1.0,4.0,2.0,1.0,57.0,559.0,1705.0,0.0,0.0,0.0
3,513,理想未三旬,1.0,14.0,1.0,1.0,48.0,200.0,2815.0,0.0,0.0,0.0
4,514,回收不明白小羊,1.0,16.0,1.0,0.0,140.0,1005.0,13436.0,0.0,0.0,0.0
0,515,陪苏老师度过漫长岁月,1.0,13.0,4.0,1.0,29992.0,575.0,5188.0,1.0,0.0,1.0
2,516,神奇霸王炮竹,1.0,6.0,0.0,0.0,530.0,2702.0,11041.0,0.0,0.0,0.0
1,517,-YanHal-,0.0,0.0,0.0,1.0,4315.0,467.0,36.0,0.0,0.0,1.0
0,518,关老师就是我,1.0,9.0,0.0,1.0,461.0,620.0,49.0,0.0,0.0,0.0
5,519,Absurdus_,0.0,0.0,0.0,0.0,323.0,65.0,244.0,0.0,0.0,1.0
2,520,骑着蜗牛追海马,1.0,6.0,1.0,1.0,125.0,116.0,196.0,0.0,0.0,0.0
0,521,不麻麻我爱睡觉,1.0,0.0,5.0,1.0,118.0,403.0,5341.0,0.0,1.0,0.0
0,522,魔化铭文Tisiphone,1.0,52.0,17.0,1.0,234.0,418.0,1429.0,0.0,0.0,0.0
3,523,门前大桥下游过一群唐老鸭,1.0,7.0,4.0,0.0,168.0,235.0,537.0,0.0,0.0,0.0
2,524,神秘绅士男,1.0,8.0,0.0,0.0,327.0,216.0,525.0,0.0,0.0,0.0
2,525,园长阿刘,1.0,9.0,0.0,0.0,371.0,585.0,239.0,0.0,0.0,0.0
3,526,是听听阿,1.0,1.0,1.0,0.0,557.0,735.0,1124.0,0.0,0.0,0.0
2,527,廷廷且重开66,1.0,12.0,2.0,1.0,97.0,243.0,2.0,0.0,0.0,0.0
0,528,普普通通的朋友,1.0,8.0,0.0,1.0,887.0,857.0,9135.0,0.0,0.0,0.0
3,529,__雪儿_,1.0,21.0,6.0,0.0,283.0,428.0,1252.0,0.0,0.0,0.0
4,530,御座的羊小咩,1.0,9.0,2.0,0.0,2414.0,577.0,1195.0,0.0,0.0,1.0
2,531,濁涇清渭,1.0,15.0,1.0,1.0,61.0,210.0,248.0,0.0,0.0,0.0
0,532,Yahoohsu_EX,1.0,7.0,0.0,1.0,1019.0,398.0,4438.0,0.0,0.0,0.0
1,533,SCP破孩,0.0,0.0,0.0,1.0,137.0,953.0,7344.0,0.0,0.0,0.0
0,534,元气满满bou,1.0,0.0,3.0,1.0,184.0,2106.0,333.0,0.0,0.0,0.0
0,535,魔神双破斩,1.0,5.0,0.0,1.0,103.0,100.0,589.0,0.0,0.0,0.0
0,536,千树Erk,1.0,33.0,7.0,1.0,902.0,587.0,713.0,1.0,0.0,1.0
4,537,重庆Chika酱,1.0,7.0,4.0,1.0,3720.0,5476.0,29994.0,1.0,1.0,1.0
2,538,铁胆高铁侠,1.0,5.0,0.0,1.0,94.0,193.0,106.0,0.0,0.0,0.0
5,539,家中野猫,0.0,0.0,0.0,1.0,58.0,239.0,59.0,0.0,0.0,0.0
2,540,真新镇的大木博士,1.0,21.0,2.0,1.0,43.0,309.0,2107.0,0.0,0.0,0.0
2,541,SiufayK,1.0,5.0,23.0,1.0,44.0,471.0,372.0,0.0,0.0,0.0
5,542,风之鱼丸,0.0,0.0,0.0,1.0,190.0,137.0,1006.0,0.0,0.0,0.0
4,543,绿橙酸,1.0,17.0,0.0,0.0,414.0,297.0,4052.0,0.0,0.0,0.0
2,544,小徐摸鱼中,1.0,17.0,2.0,1.0,85.0,97.0,484.0,0.0,0.0,0.0
3,545,错过你笑,1.0,2.0,0.0,1.0,8.0,9.0,16.0,0.0,0.0,1.0
2,546,你也不要太伤心了,1.0,5.0,1.0,1.0,44.0,663.0,0.0,0.0,0.0,0.0
2,547,X-POINT,1.0,7.0,1.0,0.0,160.0,663.0,4148.0,0.0,0.0,0.0
0,548,带路走去云端,1.0,5.0,1.0,1.0,169.0,218.0,435.0,0.0,0.0,0.0
1,549,暂约的记忆,0.0,0.0,0.0,1.0,46.0,357.0,39.0,0.0,0.0,0.0
4,550,NoNo纸,0.0,0.0,0.0,0.0,151.0,98.0,1113.0,0.0,0.0,0.0
4,551,被玩坏的史莱姆夜,1.0,28.0,5.0,0.0,251.0,785.0,3507.0,0.0,0.0,0.0
2,552,想和你去冲浪,1.0,5.0,15.0,1.0,433.0,377.0,864.0,0.0,0.0,1.0
2,553,mohadu,1.0,7.0,0.0,1.0,18.0,107.0,163.0,0.0,0.0,0.0
4,554,笨蛋笨蛋Baka,1.0,6.0,6.0,0.0,4047.0,576.0,23.0,1.0,0.0,0.0
2,555,给大佬递冰阔落,1.0,9.0,1.0,1.0,195.0,103.0,1.0,0.0,0.0,0.0
4,556,漪贰叁肆,1.0,8.0,2.0,0.0,128.0,16.0,477.0,0.0,0.0,0.0
0,557,浮生梦行1987,1.0,4.0,0.0,1.0,244.0,1390.0,1066.0,0.0,0.0,0.0
2,558,路向南MR,1.0,5.0,0.0,1.0,683.0,167.0,5742.0,0.0,0.0,1.0
0,559,某某宇Lee,1.0,8.0,2.0,1.0,3240.0,654.0,895.0,0.0,0.0,0.0
1,560,叫某人丶,0.0,0.0,0.0,1.0,30.0,115.0,0.0,0.0,0.0,0.0
0,561,XIE_______,1.0,6.0,0.0,1.0,976.0,413.0,450.0,1.0,0.0,0.0
0,562,幻痛sama,1.0,4.0,6.0,1.0,100.0,283.0,233.0,0.0,0.0,0.0
3,563,拿俩火烧,0.0,0.0,0.0,0.0,87.0,404.0,1189.0,0.0,0.0,0.0
0,564,_ThatXX,1.0,7.0,0.0,1.0,283.0,505.0,102.0,0.0,0.0,0.0
2,565,冬狮笑频,1.0,8.0,1.0,0.0,200.0,73.0,17558.0,0.0,0.0,0.0
0,566,Y寻觅觅Y,1.0,6.0,0.0,1.0,40.0,99.0,21.0,0.0,0.0,0.0
0,567,Dragonov,1.0,33.0,4.0,1.0,131.0,118.0,7750.0,0.0,0.0,0.0
1,568,骆尽晚与舟,0.0,0.0,0.0,0.0,2333.0,316.0,795.0,0.0,0.0,0.0
5,569,郑萝北,0.0,0.0,0.0,1.0,19.0,29.0,71.0,0.0,0.0,0.0
1,570,储物箱有猪,0.0,0.0,0.0,1.0,2.0,6.0,0.0,0.0,0.0,0.0
0,571,五月景明,1.0,5.0,12.0,1.0,189.0,420.0,4837.0,0.0,0.0,0.0
3,572,老用户之路,0.0,0.0,0.0,1.0,943.0,4523.0,57503.0,0.0,0.0,0.0
0,573,你滴兔爷,1.0,4.0,0.0,1.0,341.0,336.0,138.0,0.0,0.0,0.0
2,574,佑佑佑佑思远,1.0,3.0,0.0,1.0,364.0,329.0,152.0,0.0,0.0,0.0
2,575,想香香的日日夜夜,1.0,8.0,1.0,1.0,317.0,468.0,1064.0,0.0,0.0,0.0
3,576,芫荽梗儿,1.0,21.0,0.0,1.0,162.0,784.0,295.0,0.0,0.0,0.0
3,577,為愛麗絲塗油,1.0,9.0,1.0,1.0,18.0,118.0,813.0,0.0,0.0,0.0
1,578,脸俊菌,0.0,0.0,0.0,0.0,49.0,463.0,1018.0,0.0,0.0,0.0
2,579,Lemon-小猴子,1.0,9.0,0.0,0.0,403.0,283.0,132.0,0.0,0.0,0.0
4,580,Super王木木,1.0,7.0,1.0,0.0,569.0,1099.0,2599.0,0.0,0.0,0.0
3,581,一颗水泡饼饼,1.0,6.0,0.0,0.0,1771.0,2808.0,8017.0,1.0,0.0,0.0
4,582,许慢慢比较高兴,0.0,0.0,0.0,0.0,268.0,222.0,541.0,0.0,0.0,0.0
2,583,ThatsallGeek,1.0,7.0,1.0,1.0,114.0,208.0,1727.0,0.0,0.0,0.0
5,584,START_DASH,0.0,0.0,0.0,1.0,13.0,221.0,145.0,0.0,1.0,0.0
5,585,巧克力-1771,0.0,0.0,0.0,1.0,78.0,119.0,248.0,0.0,0.0,0.0
0,586,10点半的火车站,1.0,4.0,0.0,1.0,91.0,123.0,814.0,0.0,0.0,0.0
5,587,简直日了狗了,0.0,0.0,0.0,1.0,34.0,177.0,193.0,0.0,0.0,0.0
3,588,千年梦寻客,1.0,15.0,2.0,1.0,187.0,87.0,496.0,0.0,0.0,0.0
4,589,C子嘟噜噜噜噜噜,1.0,14.0,3.0,0.0,145.0,594.0,12037.0,0.0,0.0,0.0
4,590,预知子Yochiko-,1.0,20.0,2.0,0.0,574.0,396.0,15878.0,0.0,0.0,1.0
0,591,十代喜欢MEIDY,1.0,12.0,3.0,1.0,104.0,436.0,293.0,0.0,0.0,0.0
0,592,神探渣康,1.0,39.0,0.0,1.0,440.0,230.0,3307.0,0.0,0.0,0.0
0,593,我的每个飞机都是为你而打,1.0,4.0,0.0,1.0,2530.0,1015.0,10940.0,0.0,0.0,0.0
2,594,无力小海浪,1.0,14.0,0.0,0.0,70.0,137.0,10.0,0.0,0.0,0.0
0,595,晓黄不是小黄,1.0,13.0,2.0,1.0,169.0,1310.0,269.0,0.0,0.0,0.0
0,596,megamimegumi,1.0,8.0,0.0,1.0,181.0,92.0,97.0,0.0,0.0,0.0
1,597,互联网我把握不住,0.0,0.0,0.0,1.0,363.0,347.0,988.0,0.0,0.0,0.0
3,598,萝莉控的wd,0.0,0.0,0.0,1.0,16.0,27.0,48.0,0.0,0.0,0.0
2,599,Bujinnko,1.0,7.0,0.0,1.0,87.0,252.0,9340.0,0.0,0.0,1.0
2,600,大毛球酱,1.0,6.0,1.0,0.0,698.0,496.0,2230.0,0.0,0.0,0.0
3,601,iiiaao,1.0,9.0,0.0,0.0,154.0,222.0,1086.0,0.0,0.0,0.0
2,602,遗忘视界OBW,1.0,28.0,9.0,1.0,242.0,231.0,2221.0,0.0,0.0,0.0
4,603,-akiiiiiiiiii-,0.0,0.0,0.0,0.0,246.0,187.0,3283.0,0.0,0.0,0.0
0,604,东南亚大马猴子,1.0,7.0,1.0,1.0,185.0,265.0,1612.0,0.0,0.0,0.0
4,605,桃月OuO,1.0,19.0,2.0,0.0,1632.0,123.0,300.0,0.0,0.0,0.0
1,606,浐灞辉煌,0.0,0.0,0.0,1.0,23.0,87.0,137.0,0.0,0.0,0.0
5,607,靠树望天,0.0,0.0,0.0,1.0,182.0,316.0,468.0,0.0,0.0,0.0
3,608,GhostSAMURAI,1.0,3.0,9.0,1.0,538.0,267.0,5866.0,0.0,0.0,0.0
0,609,无脑六,1.0,8.0,0.0,1.0,522.0,811.0,3890.0,0.0,0.0,0.0
1,610,大树彼,0.0,0.0,0.0,1.0,92.0,393.0,1086.0,0.0,0.0,0.0
2,611,玖叶有夜酒,1.0,35.0,2.0,0.0,82.0,221.0,695.0,0.0,0.0,0.0
5,612,Haoyun0402,0.0,0.0,0.0,1.0,343.0,208.0,57.0,0.0,0.0,0.0
3,613,老婆是包纸,1.0,4.0,0.0,0.0,7848.0,3466.0,80487.0,0.0,0.0,0.0
3,614,落霞艳,1.0,8.0,1.0,0.0,86.0,634.0,1020.0,0.0,0.0,0.0
4,615,萝布汩汩小屁股,1.0,9.0,0.0,0.0,686.0,303.0,68.0,0.0,0.0,0.0
2,616,Beloved_Blood,1.0,10.0,2.0,1.0,143.0,148.0,313.0,0.0,1.0,0.0
2,617,给我醒过来啊,1.0,5.0,0.0,0.0,17.0,1307.0,7557.0,0.0,0.0,1.0
5,618,小鸟游立夏,0.0,0.0,0.0,1.0,221.0,126.0,2.0,0.0,0.0,0.0
3,619,全洲华love,1.0,28.0,1.0,1.0,406.0,915.0,26817.0,0.0,0.0,0.0
3,620,吃货千金妈妈,1.0,18.0,4.0,0.0,2199.0,109.0,3028.0,0.0,0.0,0.0
3,621,寒风雨微,0.0,0.0,0.0,1.0,87.0,297.0,863.0,0.0,0.0,0.0
0,622,林先生llli,1.0,3.0,0.0,1.0,121.0,575.0,784.0,0.0,0.0,0.0
0,623,佐尼斯_布莱克,1.0,8.0,0.0,1.0,243.0,879.0,10810.0,0.0,0.0,0.0
0,624,圣安地列丝,1.0,12.0,3.0,1.0,430.0,569.0,4919.0,0.0,0.0,0.0
2,625,我酱的西,1.0,12.0,0.0,1.0,199.0,326.0,262.0,0.0,0.0,0.0
0,626,狂乱贵狐狸狸,1.0,5.0,0.0,1.0,68.0,511.0,1896.0,0.0,0.0,0.0
3,627,九十五是我,1.0,16.0,3.0,1.0,213.0,248.0,3181.0,0.0,1.0,0.0
0,628,米卫兵是脑瘫,1.0,4.0,0.0,1.0,4.0,9.0,70.0,0.0,0.0,0.0
4,629,星辰繁音,0.0,0.0,0.0,0.0,280.0,1241.0,42488.0,0.0,0.0,0.0
2,630,不尽少年心,1.0,8.0,0.0,1.0,293.0,182.0,634.0,0.0,0.0,0.0
2,631,_真夏夜夜_,1.0,9.0,0.0,1.0,172.0,262.0,24.0,0.0,0.0,0.0
1,632,平淡打工仔,0.0,0.0,0.0,0.0,404.0,1253.0,614.0,0.0,0.0,0.0
1,633,维尔cheers,0.0,0.0,0.0,0.0,24.0,38.0,6.0,0.0,0.0,0.0
4,634,辫辫今天画画了吗,1.0,24.0,4.0,0.0,505.0,337.0,136.0,0.0,0.0,0.0
2,635,康Connoronnoc,1.0,47.0,6.0,1.0,169.0,127.0,786.0,0.0,0.0,0.0
3,636,啊咧可以改名字,0.0,0.0,0.0,1.0,58.0,181.0,3.0,0.0,0.0,0.0
2,637,夜雨琴川,1.0,13.0,0.0,1.0,694.0,1025.0,562.0,0.0,0.0,0.0
2,638,昊哥昊哥耗,1.0,6.0,0.0,1.0,164.0,230.0,288.0,0.0,0.0,0.0
5,639,PpPpPoP子,0.0,0.0,0.0,1.0,73.0,52.0,322.0,0.0,0.0,0.0
2,640,CLCL青,1.0,9.0,2.0,1.0,121.0,165.0,399.0,0.0,0.0,0.0
4,641,楚云深不知处,1.0,6.0,1.0,0.0,124.0,408.0,519.0,0.0,1.0,0.0
2,642,LFRitual,1.0,8.0,0.0,1.0,77.0,203.0,2931.0,0.0,0.0,0.0
4,643,冇鱼丸有鱼蛋,0.0,0.0,0.0,0.0,33.0,182.0,123.0,0.0,0.0,0.0
2,644,kahwangtin,1.0,20.0,2.0,1.0,213020.0,1639.0,43780.0,1.0,1.0,1.0
5,645,kurosaki_白,0.0,0.0,0.0,1.0,60.0,41.0,743.0,0.0,0.0,0.0
1,646,Dark逆,0.0,0.0,0.0,1.0,38.0,187.0,124.0,0.0,1.0,0.0
3,647,口袋小胖,1.0,16.0,0.0,1.0,46.0,576.0,577.0,0.0,0.0,0.0
0,648,想变白的天长,1.0,14.0,2.0,1.0,137.0,111.0,436.0,0.0,0.0,0.0
0,649,魔法少女露米娅,1.0,14.0,2.0,1.0,64.0,56.0,1026.0,0.0,0.0,0.0
2,650,hikikomori咯,1.0,7.0,2.0,1.0,62.0,381.0,38.0,0.0,0.0,0.0
1,651,萌萌的小财哥丶,0.0,0.0,0.0,1.0,137.0,468.0,1161.0,0.0,0.0,0.0
2,652,云落木,1.0,5.0,0.0,1.0,46.0,1820.0,14442.0,0.0,0.0,0.0
5,653,但你却说太遥远丶,0.0,0.0,0.0,1.0,31.0,152.0,50.0,0.0,0.0,0.0
1,654,这里素你不认识的人,0.0,0.0,0.0,1.0,0.0,48.0,3.0,0.0,0.0,0.0
0,655,阿B桑,1.0,3.0,0.0,1.0,82.0,181.0,126.0,0.0,0.0,0.0
2,656,难自弃的王大脸,1.0,11.0,7.0,1.0,165.0,380.0,4411.0,0.0,0.0,0.0
0,657,Ans_安,1.0,6.0,1.0,1.0,808.0,172.0,2088.0,0.0,0.0,0.0
3,658,NESTSIGNIZ,0.0,0.0,0.0,1.0,293.0,431.0,1586.0,0.0,0.0,0.0
2,659,-Violet_Evergarden-,1.0,4.0,3.0,1.0,168.0,756.0,88.0,0.0,0.0,0.0
2,660,asukakksk,1.0,15.0,0.0,1.0,2.0,89.0,715.0,0.0,0.0,0.0
2,661,黑猫儿___,1.0,5.0,0.0,1.0,319.0,297.0,3605.0,0.0,0.0,0.0
3,662,赶快叫我起床吧,1.0,8.0,2.0,0.0,91.0,1533.0,1319.0,0.0,1.0,0.0
3,663,傲娇的大尾巴玥,0.0,0.0,0.0,0.0,112.0,153.0,837.0,0.0,0.0,0.0
4,664,ArraySdream,1.0,19.0,0.0,0.0,217.0,61.0,257.0,0.0,0.0,0.0
0,665,去云南吃蘑菇吧,1.0,8.0,1.0,1.0,364.0,116.0,850.0,0.0,0.0,0.0
2,666,芬forLOVE,1.0,7.0,1.0,1.0,17.0,30.0,21.0,0.0,0.0,0.0
2,667,吃了萤火虫会发光吗,1.0,4.0,0.0,0.0,67.0,185.0,3111.0,0.0,0.0,1.0
2,668,不高兴的unhappy,1.0,0.0,2.0,1.0,368.0,608.0,641.0,0.0,0.0,0.0
5,669,印第安老斑鳩鳩,0.0,0.0,0.0,1.0,145.0,172.0,1007.0,0.0,0.0,0.0
3,670,Allshit,0.0,0.0,0.0,1.0,25.0,158.0,158.0,0.0,1.0,0.0
5,671,梦想就是这只肥鸟,0.0,0.0,0.0,1.0,337.0,350.0,835.0,0.0,0.0,0.0
0,672,赵电炮会一直努力,1.0,4.0,2.0,1.0,137.0,448.0,843.0,0.0,0.0,0.0
2,673,疯人印象,1.0,21.0,0.0,0.0,303.0,3504.0,1813.0,0.0,0.0,0.0
4,674,樱木仙道13_Phoenix,1.0,7.0,2.0,0.0,579.0,4842.0,54576.0,0.0,1.0,0.0
3,675,多啦Li萌,0.0,0.0,0.0,1.0,0.0,7.0,8.0,0.0,0.0,0.0
2,676,普通少年林克,1.0,2.0,0.0,1.0,125.0,317.0,1.0,0.0,0.0,0.0
0,677,RKtech,1.0,8.0,1.0,1.0,74.0,266.0,166.0,0.0,1.0,0.0
0,678,卿未更,1.0,5.0,0.0,1.0,61.0,202.0,6308.0,0.0,1.0,0.0
5,679,辐射桃子,0.0,0.0,0.0,1.0,60.0,175.0,3575.0,0.0,0.0,0.0
2,680,没茶的小茶壶,1.0,6.0,0.0,1.0,175.0,637.0,3798.0,0.0,0.0,0.0
3,681,LWJ_7_LBJ,0.0,0.0,0.0,1.0,178.0,506.0,274.0,0.0,0.0,0.0
0,682,陶里折,1.0,4.0,0.0,1.0,116.0,98.0,616.0,0.0,0.0,0.0
2,683,鱼蛋欧巴,1.0,10.0,0.0,1.0,241.0,336.0,1681.0,0.0,0.0,0.0
4,684,耿鬼最可爱,1.0,5.0,0.0,0.0,132.0,253.0,8586.0,0.0,0.0,0.0
2,685,三汪i,1.0,6.0,0.0,1.0,75.0,381.0,6297.0,0.0,0.0,0.0
2,686,亚洲善待人类组织,1.0,8.0,0.0,1.0,1621.0,148.0,2.0,0.0,0.0,0.0
4,687,SkyForest233,0.0,0.0,0.0,0.0,45.0,542.0,68.0,0.0,0.0,0.0
2,688,Linkxu,1.0,0.0,1.0,0.0,153.0,420.0,5971.0,0.0,0.0,0.0
0,689,不会降龙十八掌的靖哥哥,1.0,8.0,2.0,1.0,328.0,313.0,246.0,0.0,0.0,0.0
2,690,墨妖喵,1.0,15.0,1.0,1.0,113.0,198.0,869.0,0.0,0.0,0.0
2,691,人类比喵还要愚蠢,1.0,8.0,0.0,1.0,220.0,950.0,1789.0,0.0,0.0,0.0
1,692,薄荷巴乔,0.0,0.0,0.0,1.0,28.0,74.0,42.0,0.0,0.0,0.0
0,693,_李肆,1.0,15.0,1.0,1.0,233.0,324.0,869.0,0.0,0.0,0.0
1,694,伊晗韵poi,0.0,0.0,0.0,0.0,124.0,240.0,933.0,0.0,0.0,0.0
1,695,郝铁蛋er,0.0,0.0,0.0,1.0,110.0,672.0,438.0,0.0,0.0,0.0
0,696,詹尼janny,1.0,8.0,2.0,1.0,10747.0,308.0,355.0,0.0,0.0,0.0
0,697,秃噜马膝盖,1.0,12.0,3.0,1.0,192.0,1136.0,1840.0,0.0,0.0,0.0
5,698,pluckooo,0.0,0.0,0.0,1.0,1.0,13.0,6116.0,0.0,0.0,0.0
0,699,赤黑零,1.0,32.0,7.0,1.0,80.0,222.0,1210.0,0.0,0.0,0.0
0,700,蜂鸣小二,1.0,5.0,1.0,1.0,2112.0,121.0,390.0,0.0,0.0,0.0
0,701,Lawliet-罗莱特,1.0,7.0,0.0,1.0,26.0,44.0,15.0,0.0,0.0,0.0
1,702,图茶鲸鱼,0.0,0.0,0.0,1.0,346.0,1001.0,872.0,0.0,0.0,0.0
3,703,iJianyx,1.0,7.0,1.0,1.0,215.0,1132.0,5121.0,0.0,0.0,0.0
3,704,忍者神龟Jackson,1.0,21.0,3.0,0.0,533.0,3242.0,12510.0,0.0,0.0,0.0
4,705,一·Rowan·一,1.0,0.0,16.0,0.0,763.0,431.0,3298.0,0.0,0.0,0.0
0,706,蒸朋狂人汽轮机的黎明,1.0,60.0,14.0,1.0,808.0,813.0,2350.0,0.0,0.0,0.0
4,707,草東街輕瘋派對,1.0,1.0,0.0,0.0,73.0,1308.0,1198.0,0.0,0.0,0.0
1,708,凌驾了所有的西风,0.0,0.0,0.0,1.0,126.0,112.0,3075.0,0.0,1.0,0.0
4,709,禹声魅夜,1.0,10.0,0.0,0.0,22771.0,5053.0,31490.0,1.0,0.0,0.0
0,710,看花人犹在,0.0,0.0,0.0,1.0,146.0,576.0,423.0,0.0,1.0,1.0
2,711,吴晶华1,1.0,4.0,0.0,1.0,75.0,213.0,108.0,0.0,0.0,0.0
2,712,Khalil-Young,1.0,9.0,0.0,1.0,92.0,490.0,227.0,0.0,0.0,0.0
4,713,哎羊刁刁,1.0,21.0,5.0,0.0,360.0,735.0,348.0,0.0,0.0,0.0
0,714,KARAKA3,1.0,29.0,2.0,1.0,70.0,215.0,228.0,0.0,0.0,0.0
1,715,叶不二叽,0.0,0.0,0.0,1.0,305.0,286.0,3329.0,0.0,0.0,0.0
2,716,西蘩_,1.0,6.0,0.0,1.0,217.0,196.0,673.0,0.0,0.0,0.0
0,717,要死的Cat,1.0,12.0,9.0,1.0,92.0,73.0,804.0,0.0,0.0,0.0
5,718,哀殿赛高,0.0,0.0,0.0,1.0,0.0,382.0,9.0,0.0,0.0,0.0
0,719,Stone32-,1.0,17.0,0.0,1.0,0.0,1183.0,715.0,0.0,0.0,0.0
2,720,童路Cy,1.0,53.0,14.0,1.0,130.0,658.0,1235.0,0.0,0.0,0.0
1,721,舒大帅好吧_427,0.0,0.0,0.0,1.0,72.0,305.0,128.0,0.0,0.0,0.0
5,722,尾咩咩,0.0,0.0,0.0,1.0,54.0,80.0,8.0,0.0,0.0,0.0
5,723,黑米米米米米,0.0,0.0,0.0,1.0,2186.0,229.0,6750.0,0.0,0.0,0.0
4,724,附了魔的刺猬,0.0,0.0,0.0,0.0,75.0,444.0,481.0,0.0,0.0,0.0
2,725,灰如月岩,1.0,41.0,7.0,1.0,149.0,962.0,2672.0,0.0,0.0,0.0
0,726,大尾拟八哥,1.0,3.0,6.0,1.0,373.0,556.0,775.0,0.0,0.0,0.0
1,727,Morthal莫萨尔,0.0,0.0,0.0,1.0,11.0,63.0,4.0,0.0,0.0,0.0
2,728,V我50送赛博垃圾,1.0,9.0,0.0,0.0,2469.0,517.0,2059.0,1.0,0.0,0.0
2,729,忧观眼下,1.0,7.0,3.0,1.0,62.0,762.0,6693.0,0.0,0.0,0.0
1,730,yukin725,0.0,0.0,0.0,0.0,59.0,101.0,54.0,0.0,0.0,0.0
2,731,山楂制品琪琪子,1.0,22.0,14.0,0.0,7644.0,651.0,9918.0,0.0,0.0,0.0
3,732,爱榭,0.0,0.0,0.0,0.0,244.0,165.0,487.0,0.0,0.0,0.0
4,733,Calvarie游,1.0,13.0,1.0,0.0,158.0,807.0,4258.0,0.0,0.0,0.0
3,734,纯洁善良温柔小绵羊咩,1.0,13.0,0.0,1.0,77.0,254.0,62.0,0.0,0.0,0.0
0,735,1123我鸽了,1.0,6.0,0.0,1.0,52.0,77.0,148.0,0.0,0.0,0.0
0,736,小鸽子今天咕咕了吗,1.0,37.0,1.0,1.0,229.0,176.0,186.0,0.0,0.0,0.0
5,737,没饭吃的小孩,0.0,0.0,0.0,1.0,16.0,119.0,574.0,0.0,0.0,0.0
2,738,petalchaser,1.0,4.0,0.0,0.0,54.0,108.0,816.0,0.0,0.0,0.0
5,739,靠Qiang站,0.0,0.0,0.0,1.0,35.0,50.0,20.0,0.0,0.0,0.0
0,740,张大大大大奔,1.0,5.0,2.0,1.0,73.0,16.0,14.0,0.0,0.0,0.0
4,741,一条坠子,1.0,44.0,7.0,0.0,146028.0,1314.0,20930.0,1.0,1.0,1.0
2,742,Oooooooooooops,1.0,11.0,1.0,0.0,433.0,4481.0,7870.0,0.0,0.0,0.0
3,743,NNightRaven,1.0,7.0,0.0,0.0,176.0,205.0,153.0,0.0,0.0,0.0
3,744,津上翔一_厨,1.0,10.0,1.0,1.0,386.0,2563.0,10169.0,0.0,1.0,0.0
2,745,双生喵,1.0,15.0,2.0,0.0,223.0,1136.0,6846.0,0.0,0.0,0.0
1,746,被簇拥着的寂寞,0.0,0.0,0.0,0.0,58.0,209.0,632.0,0.0,0.0,0.0
5,747,GungnirOD,0.0,0.0,0.0,1.0,32.0,19.0,6.0,0.0,0.0,0.0
4,748,吨一口大柠檬茶,1.0,6.0,0.0,0.0,2856.0,721.0,5798.0,0.0,0.0,1.0
5,749,丨Mush丨,0.0,0.0,0.0,1.0,98.0,51.0,32.0,0.0,0.0,0.0
2,750,i唐唐唐唐唐唐,1.0,0.0,1.0,1.0,107.0,52.0,3.0,0.0,0.0,0.0
5,751,写作文的小头儿子,0.0,0.0,0.0,1.0,1376.0,3167.0,1592.0,0.0,0.0,0.0
1,752,MO_o233,0.0,0.0,0.0,1.0,9.0,32.0,17.0,0.0,0.0,0.0
1,753,禁止蓝化,0.0,0.0,0.0,1.0,53.0,197.0,172.0,0.0,0.0,0.0
3,754,誊朔980,1.0,7.0,0.0,1.0,101.0,355.0,1.0,0.0,0.0,0.0
0,755,WeRjo,1.0,3.0,0.0,1.0,210.0,830.0,80.0,0.0,0.0,0.0
0,756,艾茵哈特·斯崔特斯,1.0,55.0,11.0,1.0,92.0,476.0,20851.0,0.0,0.0,1.0
2,757,兔喵酱的幻想,1.0,25.0,8.0,1.0,71.0,141.0,151.0,0.0,0.0,0.0
4,758,酱奶瑭鹅,1.0,21.0,13.0,0.0,331.0,590.0,2439.0,0.0,0.0,0.0
1,759,77我是一根葱,0.0,0.0,0.0,1.0,70.0,233.0,19.0,0.0,0.0,0.0
0,760,呆伦Dylan_CasterRefx_UP,1.0,18.0,0.0,1.0,156.0,1010.0,4.0,0.0,0.0,0.0
4,761,阿嗣阿四-,1.0,6.0,0.0,0.0,481.0,881.0,16518.0,0.0,0.0,0.0
2,762,等侑子的四一,1.0,15.0,2.0,1.0,65.0,187.0,286.0,0.0,0.0,0.0
4,763,拉布拉多大王,1.0,2.0,0.0,0.0,157.0,328.0,422.0,0.0,0.0,0.0
5,764,whoischris,0.0,0.0,0.0,1.0,192.0,659.0,2104.0,0.0,0.0,0.0
2,765,Canyougivemeonelastkiss,1.0,5.0,0.0,0.0,222.0,685.0,972.0,0.0,0.0,1.0
4,766,麦片脆皮雪糕世界第一好吃,1.0,6.0,2.0,0.0,810.0,1059.0,1938.0,0.0,0.0,0.0
3,767,陈塘关首富之妻,1.0,4.0,0.0,0.0,342.0,280.0,762.0,0.0,0.0,0.0
0,768,哈库la马ta塔,1.0,3.0,0.0,1.0,239.0,439.0,1048.0,0.0,0.0,0.0
3,769,为昵感动,1.0,7.0,2.0,1.0,15.0,69.0,567.0,0.0,0.0,0.0
0,770,出气筒同志,1.0,1.0,0.0,1.0,226.0,265.0,669.0,0.0,0.0,0.0
2,771,TINGEM会飞不会跑,1.0,7.0,2.0,1.0,188.0,76.0,189.0,0.0,0.0,0.0
1,772,不抽烟CHIRS,0.0,0.0,0.0,1.0,92.0,320.0,127.0,0.0,0.0,0.0
0,773,一鸣嘿,1.0,10.0,1.0,1.0,398.0,762.0,1958.0,0.0,0.0,0.0
0,774,NOBO哒,1.0,20.0,3.0,1.0,177.0,128.0,216.0,0.0,0.0,0.0
2,775,董丶大橙,1.0,4.0,0.0,1.0,116.0,161.0,15.0,0.0,0.0,0.0
0,776,島村卯月P-翠,1.0,15.0,1.0,1.0,287.0,473.0,16680.0,0.0,0.0,0.0
3,777,驯规捣矩,1.0,8.0,0.0,0.0,133.0,3481.0,10812.0,0.0,0.0,0.0
4,778,下次还可以再见嘛,1.0,10.0,0.0,0.0,96.0,211.0,23.0,0.0,0.0,0.0
0,779,Gerard-Way,1.0,17.0,0.0,1.0,40.0,469.0,2103.0,0.0,0.0,0.0
4,780,本物祖少,1.0,7.0,0.0,1.0,374.0,187.0,47121.0,0.0,0.0,0.0
3,781,Vincent___威少,1.0,16.0,5.0,1.0,901.0,1232.0,590.0,0.0,0.0,0.0
4,782,被宽恕的白魔,1.0,10.0,1.0,0.0,149.0,912.0,3080.0,0.0,1.0,1.0
5,783,FL_飞羽流星,1.0,13.0,2.0,1.0,15.0,198.0,35.0,0.0,0.0,0.0
0,784,勇敢的丁达尔,1.0,6.0,0.0,1.0,246.0,43.0,341.0,0.0,0.0,0.0
3,785,酒一烟和我不搭,1.0,25.0,11.0,1.0,36.0,75.0,79.0,0.0,0.0,0.0
2,786,今天还想更加努力,1.0,10.0,0.0,1.0,502.0,1508.0,1226.0,1.0,0.0,0.0
1,787,游离在边缘2016,0.0,0.0,0.0,1.0,54.0,1082.0,4645.0,0.0,0.0,1.0
4,788,双侠之一的陆小酒,1.0,0.0,12.0,0.0,225.0,340.0,1029.0,0.0,0.0,0.0
5,789,fababaaaaa,0.0,0.0,0.0,1.0,105.0,83.0,2.0,0.0,0.0,0.0
1,790,天使爱吃麻婆豆腐,0.0,0.0,0.0,1.0,35.0,768.0,23.0,0.0,0.0,0.0
1,791,上天入地大头怪,0.0,0.0,0.0,1.0,58.0,959.0,297.0,0.0,0.0,0.0
0,792,雾天购雾,1.0,4.0,1.0,1.0,48.0,104.0,759.0,0.0,0.0,0.0
2,793,易超,1.0,9.0,0.0,1.0,1.0,1.0,1740.0,0.0,0.0,0.0
0,794,黄油蟹蟹泥,1.0,29.0,0.0,1.0,159.0,236.0,1549.0,0.0,0.0,0.0
5,795,玛格丽特虾米,0.0,0.0,0.0,1.0,105.0,215.0,1592.0,0.0,0.0,0.0
5,796,hakumei_surfing_ver,1.0,4.0,0.0,1.0,141.0,948.0,2496.0,0.0,0.0,1.0
3,797,福尔摩斯爱摸鱼,1.0,29.0,0.0,1.0,160.0,684.0,13669.0,0.0,1.0,0.0
3,798,hoshif_星风,1.0,0.0,1.0,1.0,244.0,369.0,128.0,0.0,0.0,1.0
3,799,南周333,1.0,9.0,2.0,1.0,137.0,332.0,12774.0,0.0,0.0,0.0
2,800,十余百里,1.0,47.0,12.0,0.0,302.0,389.0,12394.0,0.0,0.0,0.0
1,801,linuxer和笨兔兔,0.0,0.0,0.0,1.0,93.0,432.0,127.0,0.0,0.0,0.0
2,802,callme_Joker,1.0,13.0,2.0,1.0,182.0,133.0,69.0,0.0,0.0,0.0
4,803,赫尔薇安,1.0,3.0,0.0,0.0,2121.0,161.0,13633.0,0.0,0.0,1.0
4,804,天不再晴朗Lk,0.0,0.0,0.0,0.0,53.0,473.0,259.0,0.0,0.0,0.0
4,805,UNDO骨次方,1.0,15.0,7.0,0.0,180.0,358.0,12729.0,0.0,0.0,0.0
2,806,控制想控制情绪的情绪,1.0,7.0,0.0,1.0,18.0,116.0,869.0,0.0,0.0,0.0
4,807,折来,1.0,2.0,0.0,0.0,65.0,341.0,72.0,0.0,0.0,0.0
0,808,仏师runhuayoyo,1.0,0.0,1.0,1.0,70.0,58.0,4.0,0.0,0.0,0.0
2,809,Yoennsei,1.0,8.0,1.0,1.0,69.0,1123.0,5837.0,0.0,0.0,0.0
5,810,Kotani_,0.0,0.0,0.0,1.0,39.0,552.0,797.0,0.0,1.0,0.0
3,811,信号发射biu,1.0,6.0,16.0,0.0,639.0,2889.0,35672.0,1.0,0.0,0.0
0,812,泽泽洋-,1.0,6.0,0.0,1.0,390.0,409.0,3173.0,0.0,0.0,1.0
2,813,我伊布贼溜,1.0,10.0,0.0,0.0,239.0,543.0,1128.0,0.0,0.0,1.0
5,814,normanbao,0.0,0.0,0.0,1.0,62.0,149.0,773.0,0.0,0.0,0.0
0,815,Fifis-bin,1.0,1.0,1.0,1.0,224.0,633.0,183.0,0.0,0.0,0.0
2,816,絢瀨繪里里,1.0,3.0,0.0,1.0,135.0,261.0,1115.0,0.0,0.0,0.0
0,817,旷古神坑-我是爱莉的好爸爸,1.0,18.0,5.0,1.0,109.0,680.0,684.0,0.0,0.0,0.0
5,818,imbalilang,0.0,0.0,0.0,1.0,8.0,39.0,35.0,0.0,0.0,0.0
0,819,_远策,1.0,6.0,0.0,1.0,123.0,76.0,1320.0,0.0,0.0,0.0
2,820,iAu-Huu,1.0,7.0,0.0,1.0,682.0,751.0,3506.0,0.0,0.0,0.0
1,821,Catnip蔡大喵,0.0,0.0,0.0,1.0,34.0,176.0,145.0,0.0,0.0,0.0
2,822,土豆番茄糖三勺,1.0,17.0,0.0,1.0,292.0,120.0,729.0,0.0,0.0,0.0
0,823,V灬杰,1.0,13.0,6.0,1.0,120.0,509.0,867.0,0.0,0.0,0.0
0,824,扶桑桑树,1.0,6.0,2.0,1.0,208.0,1443.0,4198.0,0.0,1.0,0.0
0,825,原味砂糖小狗,1.0,2.0,0.0,1.0,29.0,139.0,79.0,0.0,0.0,0.0
4,826,摸鱼大赛16号选手,1.0,14.0,1.0,0.0,215.0,439.0,4530.0,0.0,0.0,0.0
4,827,叽米咕咕咕,1.0,55.0,6.0,1.0,76.0,3550.0,95718.0,0.0,1.0,1.0
2,828,uuuuundemo,1.0,10.0,1.0,0.0,70.0,179.0,244.0,0.0,0.0,0.0
0,829,某赫国炼金术师,1.0,15.0,3.0,1.0,38.0,45.0,77.0,0.0,0.0,1.0
5,830,古斯特人,0.0,0.0,0.0,1.0,19.0,129.0,219.0,0.0,0.0,0.0
1,831,假行僧may,0.0,0.0,0.0,0.0,194.0,1401.0,8419.0,0.0,0.0,1.0
2,832,煎饼的红领巾更鲜艳了,1.0,5.0,0.0,1.0,313.0,666.0,4614.0,0.0,0.0,0.0
0,833,割孤露泽_,1.0,8.0,0.0,1.0,27.0,410.0,1147.0,0.0,0.0,0.0
0,834,天才han4,1.0,5.0,0.0,1.0,156.0,774.0,645.0,0.0,0.0,0.0
4,835,该账户已注销多年,0.0,0.0,0.0,0.0,46.0,177.0,7.0,0.0,0.0,0.0
3,836,我今天学吉他画画日语Coding了吗,1.0,15.0,0.0,1.0,131.0,311.0,1388.0,0.0,0.0,1.0
0,837,Ars_陌小离,1.0,14.0,5.0,1.0,240.0,1634.0,1176.0,0.0,0.0,0.0
5,838,Risuto,0.0,0.0,0.0,1.0,3690.0,24.0,2337.0,0.0,0.0,0.0
2,839,还是看看远方的雪山吧,1.0,7.0,0.0,1.0,29.0,183.0,16.0,0.0,0.0,0.0
2,840,江苟之Djangoss,1.0,4.0,0.0,1.0,360.0,485.0,1198.0,0.0,0.0,1.0
0,841,Fine_Fine_Fine_,1.0,20.0,4.0,1.0,334.0,140.0,795.0,0.0,0.0,0.0
0,842,狐狐孤,1.0,10.0,0.0,1.0,237.0,227.0,354.0,0.0,0.0,0.0
1,843,五年高考三年模拟江浙沪分销,0.0,0.0,0.0,1.0,21.0,226.0,880.0,0.0,0.0,0.0
4,844,A秋酱,0.0,0.0,0.0,0.0,1404.0,1926.0,1579.0,0.0,0.0,0.0
2,845,anty神,1.0,6.0,7.0,1.0,692.0,9863.0,62307.0,0.0,0.0,1.0
0,846,RAOOOOOO豹,1.0,8.0,2.0,1.0,211.0,163.0,484.0,0.0,0.0,0.0
2,847,最后一个欧皇,1.0,15.0,3.0,1.0,47.0,53.0,410.0,0.0,0.0,0.0
1,848,G战车大肥肠_MFFL,0.0,0.0,0.0,1.0,166.0,702.0,890.0,0.0,0.0,0.0
0,849,正念训练学员,1.0,16.0,0.0,1.0,24.0,293.0,301.0,0.0,0.0,0.0
5,850,SsSsan丶,0.0,0.0,0.0,1.0,8.0,155.0,81.0,0.0,0.0,0.0
2,851,不要再吃糖了啊_,1.0,4.0,0.0,1.0,226.0,427.0,369.0,0.0,0.0,1.0
2,852,男人的浪漫是剑风传奇,1.0,21.0,5.0,1.0,230.0,188.0,2960.0,0.0,0.0,0.0
0,853,暮小翊,1.0,13.0,1.0,1.0,124.0,206.0,176.0,0.0,0.0,0.0
2,854,一夜镜秋,1.0,8.0,2.0,1.0,0.0,7.0,57.0,0.0,0.0,0.0
4,855,碎碎念念的时空机器,1.0,29.0,4.0,0.0,298.0,106.0,27553.0,0.0,0.0,0.0
0,856,小朱老師有墨水,1.0,9.0,1.0,1.0,198.0,160.0,661.0,0.0,0.0,0.0
0,857,uwu老大哥,1.0,7.0,0.0,1.0,34.0,47.0,775.0,0.0,0.0,0.0
2,858,CeeoF,1.0,13.0,2.0,1.0,140.0,681.0,3510.0,0.0,0.0,0.0
2,859,奈礼_谏山创我日你先人,1.0,14.0,0.0,1.0,594.0,933.0,5194.0,0.0,0.0,0.0
2,860,cctoo_88,1.0,5.0,0.0,0.0,308.0,2445.0,8530.0,0.0,0.0,0.0
0,861,追唔到翡翠的墨尔本,1.0,5.0,7.0,1.0,62.0,146.0,6440.0,0.0,0.0,0.0
0,862,SUZA陵光,1.0,14.0,2.0,1.0,1745.0,1101.0,2667.0,1.0,0.0,1.0
5,863,Mikami-Mika,0.0,0.0,0.0,1.0,161.0,396.0,326.0,0.0,0.0,0.0
0,864,小刘Ryu,1.0,9.0,0.0,1.0,54.0,74.0,1.0,0.0,0.0,0.0
2,865,yilililii,1.0,6.0,0.0,0.0,2.0,211.0,26.0,0.0,0.0,0.0
5,866,X凶鸟,0.0,0.0,0.0,1.0,64.0,151.0,50.0,0.0,0.0,0.0
2,867,控北酱的绅士,1.0,12.0,0.0,1.0,23.0,158.0,43.0,0.0,0.0,0.0
3,868,OG的狐狸头,1.0,24.0,1.0,1.0,168.0,359.0,3438.0,0.0,1.0,0.0
4,869,复方晚公子,1.0,1.0,0.0,0.0,446.0,820.0,1544.0,1.0,1.0,0.0
3,870,_芊芊芝莉_,1.0,6.0,1.0,0.0,1303.0,712.0,8056.0,0.0,0.0,0.0
0,871,890鱼,1.0,8.0,1.0,1.0,106.0,76.0,608.0,0.0,0.0,0.0
2,872,我想中一次奖,1.0,0.0,1.0,1.0,20.0,417.0,1030.0,0.0,0.0,0.0
0,873,見光死的智障,1.0,9.0,2.0,1.0,69.0,55.0,81.0,0.0,0.0,0.0
0,874,Arc-311,1.0,17.0,1.0,1.0,96.0,98.0,347.0,0.0,0.0,0.0
0,875,爱童不泯,1.0,4.0,0.0,1.0,178.0,562.0,2771.0,0.0,0.0,0.0
3,876,Centity,0.0,0.0,0.0,1.0,401.0,692.0,1044.0,0.0,0.0,0.0
0,877,一个马,1.0,4.0,0.0,1.0,546.0,416.0,786.0,0.0,0.0,0.0
1,878,雪景Mask,0.0,0.0,0.0,1.0,59.0,56.0,1396.0,0.0,0.0,0.0
0,879,小白测平,1.0,9.0,0.0,1.0,1115.0,249.0,84.0,0.0,0.0,0.0
5,880,悲喜交加斯麦力,0.0,0.0,0.0,1.0,34.0,259.0,170.0,0.0,0.0,0.0
0,881,塞拉门尼斯儿,1.0,5.0,0.0,1.0,104.0,496.0,1821.0,0.0,0.0,0.0
3,882,兵长死面瘫,0.0,0.0,0.0,1.0,83.0,597.0,733.0,0.0,0.0,0.0
5,883,茜茜的小迷弟一枚,0.0,0.0,0.0,1.0,224.0,1167.0,1389.0,0.0,1.0,0.0
3,884,糖葫芦不酸吖,1.0,16.0,1.0,0.0,167.0,418.0,948.0,0.0,0.0,0.0
2,885,光阴咖啡厅,1.0,10.0,0.0,1.0,104.0,551.0,1322.0,0.0,0.0,1.0
0,886,果果同学提不起劲,1.0,5.0,0.0,1.0,7.0,32.0,5.0,0.0,0.0,0.0
5,887,小唐Thomas,0.0,0.0,0.0,1.0,368.0,568.0,108.0,1.0,0.0,0.0
2,888,喵星驻球办发言人,1.0,19.0,0.0,1.0,254.0,434.0,1152.0,0.0,0.0,0.0
5,889,347116109_4a68d3,0.0,0.0,0.0,1.0,4.0,61.0,8.0,0.0,0.0,0.0
5,890,士多啤梨屁,0.0,0.0,0.0,1.0,866.0,487.0,2145.0,0.0,0.0,0.0
0,891,逍遥鸟酱,1.0,12.0,0.0,1.0,210.0,483.0,3371.0,0.0,0.0,0.0
5,892,-Keo-,0.0,0.0,0.0,1.0,110.0,429.0,1034.0,0.0,0.0,0.0
0,893,梦花彼月,1.0,8.0,2.0,1.0,60.0,338.0,432.0,0.0,0.0,0.0
2,894,爱逗比的猫,1.0,4.0,0.0,1.0,274.0,384.0,1406.0,0.0,0.0,0.0
3,895,吥許熬夜变成cj惹不起勒,0.0,0.0,0.0,1.0,34.0,99.0,310.0,0.0,0.0,0.0
0,896,爱TM谁谁威震天,1.0,4.0,0.0,1.0,167.0,452.0,1784.0,0.0,0.0,0.0
5,897,芒果果的香味,0.0,0.0,0.0,1.0,11.0,65.0,2.0,0.0,0.0,0.0
3,898,勿心随心,0.0,0.0,0.0,1.0,47.0,150.0,171.0,0.0,0.0,0.0
2,899,科学搜查,1.0,18.0,2.0,1.0,113.0,111.0,98.0,0.0,0.0,0.0
1,900,圆文奇,0.0,0.0,0.0,0.0,407.0,4501.0,3260.0,0.0,0.0,0.0
3,901,名叫菜月昴的骑士,1.0,18.0,2.0,1.0,309.0,566.0,62.0,1.0,0.0,1.0
4,902,老狐的资源库,1.0,31.0,3.0,0.0,225.0,1275.0,4915.0,0.0,0.0,0.0
0,903,世界遺產兔子柴,1.0,6.0,6.0,0.0,258.0,94.0,1543.0,0.0,0.0,0.0
0,904,金梅姜丝,1.0,6.0,0.0,1.0,41.0,375.0,112.0,0.0,0.0,0.0
0,905,--赛勒斯--,1.0,4.0,1.0,1.0,422.0,390.0,1001.0,0.0,0.0,0.0
5,906,醇悟,0.0,0.0,0.0,1.0,265.0,2060.0,3268.0,0.0,0.0,0.0
4,907,噗叽Oo噗叽,1.0,37.0,8.0,0.0,125.0,832.0,3391.0,0.0,0.0,0.0
3,908,我傻了丶真的,1.0,11.0,2.0,1.0,60.0,224.0,131.0,0.0,0.0,0.0
1,909,幽媾丶往生,0.0,0.0,0.0,1.0,55.0,49.0,16.0,0.0,0.0,0.0
5,910,墨凌GG,0.0,0.0,0.0,1.0,4.0,55.0,22.0,0.0,0.0,0.0
1,911,29是不是十八,0.0,0.0,0.0,1.0,81.0,384.0,2848.0,0.0,0.0,0.0
0,912,老林今天不想加班,1.0,8.0,0.0,1.0,115.0,525.0,2502.0,0.0,0.0,0.0
3,913,gadabout,1.0,18.0,1.0,1.0,62.0,67.0,29.0,0.0,0.0,0.0
2,914,ethel_rabbit,1.0,19.0,3.0,0.0,294.0,379.0,2388.0,0.0,0.0,0.0
2,915,iTo_BASARA,1.0,21.0,0.0,1.0,276.0,412.0,2553.0,0.0,0.0,0.0
2,916,SvS小雨10032,1.0,39.0,14.0,1.0,92.0,114.0,1822.0,0.0,0.0,0.0
2,917,天涯雪霁时,1.0,7.0,1.0,0.0,287.0,316.0,2508.0,0.0,0.0,0.0
3,918,李四一个大笨蛋,1.0,5.0,2.0,0.0,556.0,2169.0,4055.0,0.0,0.0,0.0
2,919,用户不存在ii,1.0,5.0,0.0,1.0,17.0,1329.0,49507.0,0.0,0.0,0.0
0,920,赵琦先森,1.0,42.0,2.0,1.0,143.0,43.0,37.0,1.0,0.0,0.0
1,921,一气呵诚,0.0,0.0,0.0,1.0,93.0,234.0,695.0,0.0,0.0,0.0
4,922,XxMaRuXxpiao,1.0,0.0,1.0,0.0,52.0,611.0,99.0,0.0,0.0,0.0
2,923,AMG爱无缓存SONY,1.0,13.0,0.0,0.0,582.0,2290.0,10567.0,0.0,0.0,0.0
3,924,一定是假号,1.0,7.0,0.0,1.0,119.0,1014.0,5068.0,0.0,0.0,0.0
0,925,ShawBow,1.0,0.0,3.0,1.0,331.0,327.0,325.0,0.0,0.0,0.0
5,926,柳树树76,0.0,0.0,0.0,1.0,93.0,1065.0,11303.0,0.0,0.0,0.0
0,927,多辣不要醋吃不了,1.0,6.0,1.0,1.0,47.0,572.0,13938.0,0.0,0.0,0.0
0,928,幻有梦现_,1.0,8.0,1.0,1.0,55.0,80.0,428.0,0.0,0.0,0.0
2,929,秋舔舔舔舔舔田犬,1.0,3.0,0.0,1.0,29.0,95.0,663.0,0.0,0.0,0.0
3,930,凪椰真栗,1.0,8.0,5.0,0.0,5563.0,123.0,312.0,1.0,0.0,1.0
0,931,冯彪哥,1.0,29.0,8.0,1.0,749.0,447.0,4769.0,0.0,0.0,1.0
3,932,啊烽烽烽,1.0,0.0,3.0,1.0,63.0,161.0,891.0,0.0,0.0,0.0
0,933,狼姬不是変態,1.0,10.0,1.0,1.0,157.0,320.0,491.0,0.0,0.0,0.0
0,934,korlib930,1.0,18.0,2.0,1.0,79.0,322.0,23.0,0.0,0.0,0.0
5,935,O_o风见,0.0,0.0,0.0,1.0,1258.0,129.0,83.0,0.0,0.0,0.0
2,936,盲目愚钝冷眼,1.0,17.0,3.0,1.0,139.0,364.0,11.0,0.0,0.0,0.0
5,937,聪明一丢丢,0.0,0.0,0.0,1.0,80.0,368.0,1559.0,0.0,0.0,0.0
0,938,肥嘟嘟伊左卫门,1.0,4.0,0.0,1.0,115.0,422.0,67.0,0.0,0.0,1.0
2,939,HA_HA_HA-,1.0,0.0,3.0,1.0,193.0,112.0,258.0,0.0,0.0,0.0
1,940,黎明安好,0.0,0.0,0.0,1.0,371.0,3042.0,19561.0,0.0,0.0,1.0
2,941,就是把不爱吃鱼,1.0,7.0,0.0,1.0,217.0,808.0,20.0,0.0,0.0,0.0
0,942,大家的Kawa,1.0,14.0,3.0,1.0,134.0,59.0,266.0,0.0,0.0,0.0
2,943,有时或,1.0,6.0,1.0,1.0,151.0,647.0,2281.0,0.0,0.0,0.0
5,944,Sunsettttttt,1.0,53.0,2.0,1.0,21.0,170.0,41.0,0.0,0.0,0.0
2,945,-_-Sebastian,1.0,5.0,0.0,1.0,99.0,210.0,777.0,0.0,0.0,0.0
3,946,三山四海兔江湖,1.0,12.0,9.0,0.0,77.0,1416.0,4903.0,0.0,0.0,0.0
5,947,长得憨厚,0.0,0.0,0.0,1.0,24.0,120.0,184.0,0.0,0.0,0.0
2,948,真王国之心,1.0,23.0,4.0,1.0,346.0,1199.0,502.0,0.0,1.0,0.0
4,949,飛行士葉,1.0,6.0,0.0,0.0,317.0,2018.0,12157.0,0.0,0.0,0.0
0,950,kmini猫白,1.0,22.0,3.0,1.0,2025.0,656.0,2574.0,0.0,0.0,0.0
1,951,精力茄子A,0.0,0.0,0.0,1.0,165.0,189.0,43.0,0.0,0.0,0.0
2,952,AirBrighton,1.0,8.0,0.0,1.0,108.0,1724.0,3.0,0.0,0.0,0.0
0,953,树荫蘑菇,1.0,6.0,0.0,1.0,246.0,276.0,5734.0,0.0,0.0,0.0
5,954,巧克力的铲s官,0.0,0.0,0.0,1.0,104.0,386.0,2289.0,0.0,0.0,0.0
0,955,刘森1314,1.0,6.0,2.0,1.0,248.0,1783.0,1249.0,0.0,0.0,0.0
3,956,寂灭千星_776,0.0,0.0,0.0,1.0,19.0,24.0,99.0,0.0,0.0,0.0
2,957,艾·喆芷谮濹锉布锴勒,1.0,26.0,3.0,1.0,54.0,521.0,1369.0,0.0,0.0,0.0
4,958,天雷牙皇,1.0,35.0,9.0,1.0,187.0,1380.0,79307.0,0.0,0.0,0.0
3,959,顾忌_Vino,1.0,15.0,1.0,1.0,543.0,414.0,4290.0,0.0,0.0,0.0
3,960,风的彼端是云吗,0.0,0.0,0.0,1.0,83.0,268.0,441.0,0.0,0.0,0.0
3,961,一绪临,1.0,7.0,0.0,1.0,95.0,128.0,19.0,0.0,0.0,0.0
0,962,半吊子风都侦探,1.0,10.0,9.0,1.0,200.0,201.0,659.0,0.0,0.0,0.0
3,963,Lagann-,1.0,10.0,13.0,1.0,138.0,192.0,5179.0,0.0,0.0,1.0
1,964,就酱舍嗦,0.0,0.0,0.0,0.0,67.0,603.0,3.0,0.0,0.0,0.0
4,965,吃草莓咩咩咩,1.0,12.0,2.0,0.0,488.0,435.0,4392.0,0.0,0.0,0.0
0,966,谜样神君,1.0,32.0,6.0,1.0,14700.0,303.0,2416.0,0.0,0.0,0.0
0,967,红豆派好吃嘛,1.0,5.0,0.0,1.0,257.0,283.0,32.0,0.0,0.0,0.0
3,968,心之所向人之所行,1.0,8.0,1.0,1.0,96.0,738.0,118.0,0.0,0.0,0.0
0,969,冰镇羊咩咩,1.0,7.0,0.0,1.0,297.0,384.0,3199.0,0.0,0.0,0.0
2,970,不想做梦的阴影,1.0,7.0,0.0,1.0,24.0,153.0,255.0,0.0,0.0,0.0
1,971,早安晚安谢谢再见,0.0,0.0,0.0,1.0,30.0,80.0,13.0,0.0,0.0,0.0
5,972,孤鸟独帆,0.0,0.0,0.0,1.0,700.0,199.0,2077.0,0.0,0.0,0.0
2,973,zacharyyyyyy,1.0,8.0,0.0,1.0,10.0,313.0,103.0,0.0,0.0,0.0
5,974,冰白__,0.0,0.0,0.0,1.0,23.0,25.0,411.0,0.0,0.0,0.0
2,975,菠萝AiMiya,1.0,29.0,2.0,1.0,52.0,228.0,536.0,0.0,0.0,0.0
0,976,ltt的奇妙冒险,1.0,17.0,3.0,1.0,62.0,379.0,111.0,0.0,0.0,0.0
0,977,SentarOvO,1.0,10.0,0.0,1.0,55.0,58.0,211.0,0.0,0.0,0.0
0,978,银白色的咲墨,1.0,28.0,1.0,1.0,19.0,38.0,16.0,0.0,0.0,0.0
3,979,浩轩Y_Y,1.0,6.0,0.0,1.0,10.0,1658.0,10084.0,0.0,0.0,0.0
4,980,136658305jkly,0.0,0.0,0.0,0.0,1.0,62.0,3.0,0.0,0.0,0.0
1,981,开辟之星3,0.0,0.0,0.0,1.0,5.0,430.0,310.0,0.0,0.0,0.0
2,982,一直都是贝极星的捏,1.0,3.0,0.0,1.0,152.0,392.0,109.0,0.0,0.0,0.0
0,983,奶盖奶糕向前冲,1.0,8.0,0.0,1.0,82.0,359.0,7334.0,0.0,0.0,0.0
5,984,爱喝Dr_pepper的少年,0.0,0.0,0.0,1.0,10.0,38.0,248.0,0.0,0.0,0.0
4,985,云玩家本本子,1.0,19.0,5.0,0.0,115982.0,759.0,29882.0,1.0,0.0,1.0
4,986,南十川,1.0,13.0,1.0,0.0,159.0,193.0,8315.0,0.0,0.0,0.0
2,987,竟然改名了,1.0,3.0,0.0,0.0,92.0,810.0,8775.0,0.0,0.0,1.0
4,988,冰茶_Hunter,1.0,8.0,2.0,0.0,55.0,234.0,542.0,0.0,1.0,0.0
2,989,-七星璨璨凝流光-,1.0,25.0,3.0,0.0,101.0,164.0,132.0,0.0,0.0,0.0
4,990,非常不靠谱的翎,1.0,5.0,0.0,0.0,98.0,115.0,1091.0,0.0,0.0,0.0
5,991,龙丿月之传说_418,0.0,0.0,0.0,1.0,17.0,29.0,2.0,0.0,0.0,0.0
0,992,柳树恒,1.0,6.0,0.0,1.0,195.0,378.0,95.0,0.0,0.0,0.0
0,993,面面鱼sy,1.0,3.0,0.0,1.0,271.0,1156.0,805.0,0.0,0.0,0.0
2,994,肉包猫-Gravity5,1.0,30.0,3.0,0.0,30021.0,4538.0,6580.0,0.0,0.0,1.0
5,995,易寒_20545,0.0,0.0,0.0,1.0,26.0,237.0,885.0,0.0,0.0,0.0
3,996,-烔妖-,1.0,12.0,0.0,1.0,114.0,280.0,1040.0,0.0,0.0,0.0
0,997,我的女友是铁锤,1.0,4.0,0.0,1.0,122.0,338.0,259.0,0.0,0.0,0.0
0,998,意义不明的洗白,1.0,29.0,2.0,1.0,328.0,291.0,2579.0,0.0,0.0,0.0
0,999,JHL_Dedicated,1.0,16.0,2.0,1.0,232.0,1208.0,3731.0,0.0,0.0,0.0
0,1000,方山莫奈,1.0,9.0,0.0,1.0,331.0,424.0,2900.0,0.0,0.0,0.0
0,1001,清不完堆积滴阿锤,1.0,5.0,1.0,1.0,67.0,194.0,1436.0,0.0,0.0,0.0
3,1002,星冉泽银,1.0,12.0,2.0,1.0,274.0,887.0,1203.0,0.0,0.0,0.0
2,1003,背靠世界的中二鱼,1.0,9.0,0.0,1.0,885.0,349.0,2311.0,0.0,0.0,0.0
2,1004,蒸汽溺亡,1.0,3.0,0.0,0.0,45.0,287.0,1317.0,0.0,0.0,0.0
5,1005,HimiSaber,0.0,0.0,0.0,1.0,34.0,266.0,77.0,0.0,0.0,0.0
5,1006,命运之契约,0.0,0.0,0.0,1.0,13.0,131.0,112.0,0.0,0.0,0.0
3,1007,kerorodororo,1.0,7.0,0.0,0.0,98.0,155.0,1335.0,0.0,0.0,0.0
3,1008,这幸运的一年,1.0,12.0,0.0,0.0,507.0,257.0,322.0,0.0,0.0,0.0
2,1009,就想安安静静玩单机,1.0,6.0,0.0,1.0,86.0,510.0,6937.0,0.0,0.0,0.0
0,1010,吃火锅先点蛋炒饭,1.0,6.0,1.0,1.0,80.0,183.0,56.0,0.0,0.0,0.0
1,1011,FellowHig,0.0,0.0,0.0,1.0,65.0,64.0,74.0,0.0,0.0,0.0
4,1012,Mikan_菊子君,1.0,4.0,1.0,0.0,1306.0,1761.0,3091.0,1.0,0.0,0.0
2,1013,Respect_SW,1.0,10.0,1.0,1.0,89.0,257.0,76.0,0.0,0.0,0.0
3,1014,在看什么阿,1.0,4.0,0.0,1.0,14.0,228.0,993.0,0.0,0.0,0.0
2,1015,SG-KFC,1.0,63.0,8.0,1.0,27.0,104.0,1318.0,0.0,0.0,0.0
0,1016,百合磁力,1.0,10.0,1.0,1.0,3.0,21.0,1.0,0.0,0.0,0.0
1,1017,侧马尾拯救世界,0.0,0.0,0.0,1.0,43.0,494.0,788.0,0.0,1.0,0.0
0,1018,我今年不想再改名了,1.0,9.0,1.0,1.0,32.0,287.0,454.0,0.0,0.0,0.0
2,1019,钥匙会落地,1.0,8.0,0.0,1.0,187.0,529.0,478.0,0.0,0.0,0.0
2,1020,龙猫放弃涮羊肉,1.0,0.0,4.0,0.0,1.0,15.0,10.0,0.0,0.0,0.0
4,1021,诹访神子,1.0,8.0,1.0,0.0,315.0,946.0,26286.0,0.0,0.0,0.0
5,1022,淦淦3478602262,0.0,0.0,0.0,1.0,65.0,5.0,0.0,0.0,0.0,0.0
2,1023,言葉_sakura,1.0,10.0,0.0,1.0,75.0,401.0,171.0,0.0,0.0,0.0
1,1024,来自B站的金克丝,0.0,0.0,0.0,1.0,19.0,96.0,79.0,0.0,0.0,0.0
0,1025,夜客游天,1.0,7.0,0.0,1.0,48.0,120.0,858.0,0.0,0.0,0.0
5,1026,tk4830792,0.0,0.0,0.0,1.0,4.0,118.0,140.0,0.0,0.0,0.0
4,1027,消灭奥特曼的计划_,1.0,16.0,0.0,0.0,393.0,104.0,24.0,0.0,0.0,1.0
0,1028,Jasonwrj,1.0,11.0,0.0,1.0,54.0,37.0,196.0,0.0,0.0,1.0
5,1029,无-聊-_-,0.0,0.0,0.0,1.0,23.0,301.0,199.0,0.0,0.0,0.0
2,1030,SaigusaHaruka,1.0,21.0,6.0,1.0,281.0,327.0,1692.0,0.0,0.0,1.0
5,1031,ShapeShifter2,0.0,0.0,0.0,1.0,40.0,78.0,101.0,0.0,0.0,0.0
1,1032,凤凰院凶奔,0.0,0.0,0.0,1.0,292.0,721.0,17249.0,0.0,0.0,0.0
1,1033,WatabeKageki,0.0,0.0,0.0,0.0,99.0,1454.0,2456.0,0.0,0.0,0.0
3,1034,麻将真有趣,0.0,0.0,0.0,1.0,20.0,53.0,29.0,0.0,0.0,0.0
2,1035,就叫青医生吧,1.0,6.0,0.0,0.0,624.0,501.0,261.0,1.0,0.0,1.0
1,1036,黑白彩色金,0.0,0.0,0.0,1.0,65.0,204.0,139.0,0.0,0.0,0.0
1,1037,不再是用户的用户哦,0.0,0.0,0.0,1.0,11.0,109.0,500.0,0.0,0.0,0.0
2,1038,ChinaEX123,1.0,13.0,0.0,0.0,10525.0,695.0,4752.0,0.0,0.0,0.0
0,1039,三倍速的夏亚,1.0,1.0,1.0,1.0,576.0,740.0,969.0,1.0,0.0,0.0
1,1040,夏姬八砍,0.0,0.0,0.0,1.0,124.0,319.0,859.0,0.0,0.0,0.0
0,1041,Sandman今天是铁FIVE吗,0.0,0.0,0.0,1.0,32.0,61.0,114.0,0.0,0.0,0.0
0,1042,RDJJJJJJ,1.0,3.0,3.0,1.0,114.0,294.0,1170.0,0.0,0.0,0.0
2,1043,HelloSkyyy,1.0,7.0,0.0,1.0,132.0,598.0,21.0,0.0,0.0,0.0
0,1044,海盗旗与鸭嘴兽,1.0,23.0,7.0,1.0,124.0,824.0,5918.0,0.0,0.0,0.0
1,1045,v支架v,0.0,0.0,0.0,1.0,135.0,2289.0,348.0,0.0,0.0,0.0
2,1046,瞌睡小K_,1.0,0.0,1.0,0.0,74.0,260.0,42.0,0.0,0.0,0.0
5,1047,吃饭睡觉撸豆,0.0,0.0,0.0,1.0,277.0,516.0,8041.0,0.0,0.0,0.0
2,1048,Niflheim-Prime,1.0,14.0,0.0,1.0,50.0,101.0,3.0,0.0,0.0,0.0
5,1049,lz2010gsg,0.0,0.0,0.0,1.0,17.0,135.0,603.0,0.0,0.0,0.0
0,1050,一只飞行器,1.0,4.0,0.0,1.0,8.0,138.0,347.0,0.0,0.0,0.0
5,1051,真有你的啊买买提,0.0,0.0,0.0,1.0,2453.0,304.0,1241.0,0.0,0.0,0.0
0,1052,Style丶逐风,1.0,16.0,9.0,1.0,51.0,123.0,403.0,0.0,0.0,0.0
1,1053,Kotori_Minami丶,0.0,0.0,0.0,1.0,25.0,58.0,93.0,0.0,0.0,0.0
0,1054,SilvermoonO_o,1.0,5.0,0.0,1.0,77.0,370.0,334.0,0.0,0.0,0.0
2,1055,CD7S,1.0,4.0,0.0,1.0,80.0,1476.0,9993.0,0.0,0.0,0.0
5,1056,书上的河,0.0,0.0,0.0,1.0,22.0,866.0,312.0,0.0,0.0,0.0
2,1057,落兮陌爱晨,1.0,12.0,3.0,1.0,1184.0,4471.0,14423.0,0.0,0.0,0.0
5,1058,-Dong-X,0.0,0.0,0.0,1.0,84.0,327.0,949.0,0.0,0.0,0.0
4,1059,干一碗南瓜粥,1.0,8.0,1.0,0.0,403.0,676.0,5805.0,1.0,0.0,0.0
4,1060,常磐森林小绿,1.0,21.0,2.0,0.0,228.0,252.0,149.0,0.0,0.0,0.0
3,1061,让世界变得更热闹吧,0.0,0.0,0.0,1.0,22.0,312.0,123.0,0.0,0.0,0.0
0,1062,壹棵药,1.0,0.0,2.0,1.0,664.0,1004.0,572.0,0.0,0.0,0.0
4,1063,只想吃不想胖的女子高中生,1.0,6.0,0.0,0.0,226.0,1122.0,3306.0,0.0,0.0,0.0
5,1064,卷卷卷卷阿,0.0,0.0,0.0,1.0,240.0,165.0,886.0,0.0,0.0,0.0
2,1065,陆仁贾的炮兵乙,1.0,0.0,14.0,1.0,61.0,169.0,121.0,0.0,0.0,0.0
2,1066,等等还想再等一等,1.0,6.0,1.0,1.0,302.0,2238.0,26879.0,0.0,0.0,0.0
0,1067,悉默夫,1.0,1.0,0.0,1.0,39.0,307.0,6038.0,0.0,0.0,0.0
2,1068,告I别I微I博I,1.0,11.0,3.0,0.0,305.0,1295.0,3768.0,0.0,0.0,0.0
0,1069,墨者千风,1.0,12.0,5.0,1.0,346.0,1152.0,7729.0,0.0,0.0,0.0
3,1070,江沢喵子,0.0,0.0,0.0,1.0,42.0,60.0,5.0,0.0,0.0,0.0
1,1071,xch艾讴,0.0,0.0,0.0,1.0,49.0,208.0,127.0,0.0,0.0,0.0
4,1072,_NAYO__,1.0,12.0,17.0,0.0,1305.0,756.0,2154.0,0.0,0.0,1.0
4,1073,迷之奇诺比奥,1.0,8.0,1.0,0.0,289.0,1546.0,1887.0,0.0,0.0,0.0
5,1074,Edition_1,0.0,0.0,0.0,1.0,74.0,891.0,348.0,0.0,0.0,0.0
4,1075,懈怠DI猫_远征封港ing,1.0,10.0,1.0,0.0,48.0,285.0,521.0,0.0,1.0,0.0
3,1076,丨汉化丨,0.0,0.0,0.0,1.0,43.0,69.0,99.0,0.0,0.0,0.0
1,1077,关山月渡水载木,0.0,0.0,0.0,1.0,698.0,356.0,614.0,0.0,0.0,0.0
2,1078,VVVAz,1.0,19.0,1.0,1.0,81.0,272.0,341.0,0.0,0.0,0.0
5,1079,大风车小火轮,0.0,0.0,0.0,1.0,27.0,73.0,55.0,0.0,0.0,0.0
3,1080,活死_猫,0.0,0.0,0.0,1.0,51.0,173.0,122.0,0.0,0.0,0.0
0,1081,惊讶ghia,1.0,13.0,1.0,1.0,39.0,110.0,12.0,0.0,0.0,0.0
2,1082,十六夜幕,1.0,6.0,2.0,0.0,71.0,505.0,114.0,0.0,0.0,0.0
0,1083,Bade初,1.0,2.0,0.0,1.0,82.0,180.0,178.0,0.0,0.0,0.0
2,1084,别让昨天在泥巴里打滚,1.0,8.0,1.0,1.0,68.0,275.0,496.0,0.0,1.0,0.0
1,1085,顶头有神罩,0.0,0.0,0.0,1.0,24.0,25.0,58.0,0.0,0.0,0.0
4,1086,芙芙kira,1.0,9.0,0.0,0.0,87.0,94.0,30.0,1.0,1.0,1.0
4,1087,_暴躁的小喇叭,1.0,12.0,1.0,0.0,116.0,317.0,1114.0,0.0,0.0,0.0
2,1088,Phan晓鸦,1.0,3.0,0.0,1.0,18.0,52.0,84.0,0.0,1.0,0.0
2,1089,黄小景啊,1.0,9.0,0.0,0.0,1499.0,339.0,1758.0,0.0,0.0,0.0
5,1090,电气啄木鸟,0.0,0.0,0.0,1.0,20.0,39.0,218.0,0.0,0.0,0.0
2,1091,瞌睡的貓DrowsyCat,1.0,11.0,0.0,1.0,133.0,193.0,43.0,0.0,0.0,0.0
0,1092,永不推箱高远遥一,1.0,10.0,0.0,1.0,49.0,109.0,311.0,0.0,0.0,0.0
4,1093,反粒子啵,1.0,9.0,2.0,0.0,1139.0,252.0,433.0,1.0,0.0,1.0
2,1094,十七号HOAP,1.0,10.0,1.0,0.0,81.0,410.0,1712.0,0.0,0.0,0.0
5,1095,幸运的滕蔓,0.0,0.0,0.0,1.0,120.0,116.0,8.0,0.0,0.0,0.0
0,1096,Col_AMK,1.0,4.0,0.0,1.0,64.0,321.0,9085.0,0.0,0.0,0.0
0,1097,狄多推克xy,1.0,14.0,2.0,1.0,38.0,415.0,1477.0,0.0,0.0,0.0
2,1098,Julian_璟,1.0,10.0,1.0,1.0,90.0,115.0,3.0,0.0,0.0,0.0
4,1099,没有钱的星期天,1.0,10.0,0.0,1.0,191.0,2120.0,32534.0,0.0,0.0,0.0
5,1100,kop小狼5,0.0,0.0,0.0,1.0,26.0,26.0,32.0,0.0,0.0,0.0
4,1101,Rachel--LEO,1.0,9.0,3.0,0.0,85.0,80.0,67.0,0.0,0.0,0.0
0,1102,-BEiii,1.0,4.0,0.0,1.0,961799.0,387.0,1570.0,0.0,0.0,1.0
0,1103,也就那样丶丶,1.0,0.0,1.0,1.0,227.0,183.0,1.0,0.0,0.0,0.0
2,1104,入魔轻风,1.0,0.0,5.0,1.0,122.0,609.0,370.0,0.0,0.0,0.0
5,1105,EclipseSxz,0.0,0.0,0.0,1.0,35.0,330.0,6.0,0.0,0.0,0.0
1,1106,ChoiJsen,0.0,0.0,0.0,1.0,82.0,134.0,133.0,0.0,1.0,0.0
0,1107,银羽是画渣,1.0,19.0,5.0,1.0,79.0,327.0,305.0,0.0,0.0,0.0
2,1108,南猫猫猫猫猫猫猫猫,1.0,12.0,0.0,1.0,169.0,506.0,1214.0,0.0,0.0,0.0
4,1109,几近期待,0.0,0.0,0.0,0.0,30.0,1695.0,548.0,0.0,1.0,0.0
5,1110,林丶麒,0.0,0.0,0.0,1.0,128.0,1790.0,4334.0,0.0,0.0,0.0
2,1111,南轲太守,1.0,6.0,0.0,1.0,102.0,224.0,89.0,0.0,0.0,0.0
4,1112,音无妍羽,1.0,12.0,1.0,0.0,171.0,254.0,3410.0,0.0,0.0,0.0
3,1113,苏谛斯厨,1.0,6.0,0.0,1.0,49.0,169.0,474.0,0.0,0.0,0.0
3,1114,show囧囧,0.0,0.0,0.0,1.0,107.0,715.0,1222.0,0.0,0.0,1.0
0,1115,某科学的奶爸,1.0,64.0,8.0,1.0,261.0,392.0,6080.0,1.0,0.0,1.0
2,1116,小栗丸旬太郎,1.0,13.0,0.0,1.0,32.0,644.0,318.0,0.0,0.0,1.0
0,1117,风一样的小阿呆,1.0,28.0,2.0,1.0,89.0,49.0,382.0,0.0,0.0,0.0
2,1118,我家小鼠在屯粮,1.0,40.0,3.0,1.0,262.0,444.0,1225.0,0.0,0.0,0.0
0,1119,文旦_Zabon,1.0,3.0,6.0,1.0,149.0,472.0,2695.0,0.0,0.0,0.0
0,1120,JARVIS-YH,1.0,10.0,1.0,1.0,1137.0,291.0,1184.0,0.0,0.0,0.0
2,1121,死鱼眼的扑腾,1.0,6.0,3.0,1.0,3.0,92.0,102.0,0.0,0.0,0.0
5,1122,龍霸宇内,0.0,0.0,0.0,1.0,26.0,86.0,194.0,0.0,0.0,0.0
0,1123,_staple,1.0,10.0,0.0,1.0,365.0,349.0,2948.0,0.0,0.0,0.0
3,1124,Crazykara,1.0,8.0,0.0,1.0,465.0,543.0,1637.0,0.0,0.0,0.0
0,1125,吾一2015,1.0,5.0,0.0,1.0,28.0,66.0,67.0,0.0,0.0,0.0
0,1126,星丸kira,1.0,2.0,1.0,1.0,4699.0,539.0,2394.0,0.0,0.0,0.0
1,1127,o唯爱V,0.0,0.0,0.0,1.0,52.0,178.0,176.0,0.0,0.0,0.0
4,1128,拉文克劳第一帅猹,1.0,7.0,0.0,0.0,183.0,895.0,301.0,0.0,0.0,0.0
4,1129,不如问问万能的狗策吧,1.0,6.0,0.0,0.0,441.0,293.0,653.0,0.0,0.0,0.0
2,1130,MariaTheDumb,1.0,27.0,1.0,1.0,119.0,783.0,5.0,0.0,0.0,0.0
3,1131,手握一只小秋,1.0,9.0,2.0,1.0,228.0,253.0,1500.0,0.0,0.0,0.0
4,1132,也曾歌笑不出来,1.0,17.0,1.0,0.0,114.0,289.0,882.0,0.0,0.0,0.0
0,1133,小小傲娇兽,1.0,10.0,3.0,1.0,22.0,241.0,92.0,0.0,0.0,0.0
2,1134,有加者喜,1.0,4.0,0.0,0.0,86.0,702.0,271.0,0.0,0.0,0.0
4,1135,宝珠rura驻微博大使,1.0,4.0,0.0,0.0,8.0,89.0,79.0,0.0,0.0,0.0
2,1136,福伯顿先生,1.0,5.0,0.0,1.0,427.0,2344.0,8364.0,0.0,0.0,0.0
4,1137,雨色空烟_QAQ,1.0,16.0,3.0,0.0,68.0,835.0,1615.0,0.0,0.0,0.0
4,1138,水村兔哉,1.0,5.0,1.0,0.0,160.0,535.0,970.0,0.0,0.0,0.0
0,1139,BeeeHumble,1.0,11.0,0.0,1.0,176.0,307.0,48.0,0.0,0.0,0.0
1,1140,历史是黑暗的,0.0,0.0,0.0,0.0,146.0,436.0,1389.0,0.0,0.0,0.0
5,1141,Aziraphale_林,0.0,0.0,0.0,1.0,38.0,63.0,15.0,0.0,0.0,0.0
1,1142,微枫de叶,0.0,0.0,0.0,1.0,13.0,526.0,1385.0,0.0,0.0,0.0
4,1143,又来绑架小猫辣,1.0,19.0,1.0,0.0,219.0,229.0,3209.0,0.0,0.0,0.0
0,1144,4everRamos,1.0,24.0,1.0,1.0,71.0,164.0,1622.0,0.0,0.0,0.0
0,1145,CaiseMisty,1.0,16.0,1.0,1.0,124.0,459.0,422.0,0.0,0.0,0.0
4,1146,鸡汁的熊小宝,1.0,25.0,0.0,0.0,68.0,305.0,1819.0,0.0,0.0,1.0
2,1147,减肥3000天,1.0,3.0,0.0,0.0,1363.0,1638.0,1876.0,0.0,0.0,1.0
1,1148,445566ddff,0.0,0.0,0.0,1.0,101.0,265.0,25.0,0.0,0.0,0.0
4,1149,观山望岳行寰宇,1.0,48.0,9.0,0.0,57.0,108.0,821.0,0.0,0.0,0.0
4,1150,土拨鼠酋长国形象大使,1.0,6.0,0.0,0.0,427.0,331.0,6884.0,0.0,1.0,0.0
0,1151,有一种云vvv,1.0,8.0,1.0,1.0,411.0,122.0,310.0,0.0,0.0,0.0
0,1152,绎紫洛英,1.0,3.0,0.0,1.0,367.0,13.0,681.0,0.0,0.0,0.0
3,1153,Eruion0,1.0,1.0,1.0,0.0,418.0,10.0,65.0,0.0,0.0,0.0
2,1154,薯条君不吃鱼,1.0,4.0,0.0,1.0,458.0,504.0,3239.0,0.0,0.0,0.0
1,1155,UltraUHS,0.0,0.0,0.0,1.0,4.0,10.0,2.0,0.0,0.0,0.0
1,1156,Manta-lollipop,0.0,0.0,0.0,1.0,74.0,282.0,805.0,0.0,0.0,0.0
4,1157,大法师预备役,1.0,3.0,0.0,0.0,20.0,25.0,80.0,0.0,0.0,0.0
2,1158,老老老老老那啊,1.0,23.0,3.0,1.0,807.0,251.0,602.0,0.0,0.0,1.0
1,1159,一棵是梨树,0.0,0.0,0.0,1.0,37.0,31.0,387.0,0.0,0.0,0.0
2,1160,TherionTheThief,1.0,12.0,1.0,1.0,39.0,428.0,369.0,0.0,0.0,0.0
0,1161,jh_94,1.0,2.0,0.0,1.0,98.0,317.0,1149.0,0.0,0.0,0.0
2,1162,可乐沫的夏天,1.0,9.0,0.0,1.0,65.0,95.0,789.0,0.0,1.0,0.0
4,1163,世界_不是平的,1.0,11.0,1.0,0.0,199.0,124.0,8253.0,0.0,0.0,0.0
2,1164,-AirJun-,1.0,27.0,1.0,1.0,198.0,854.0,1119.0,0.0,0.0,1.0
2,1165,没听说过的枪匠,1.0,14.0,0.0,1.0,67.0,171.0,133.0,0.0,0.0,0.0
4,1166,筒子超级超级大GE,0.0,0.0,0.0,0.0,174.0,652.0,659.0,0.0,0.0,0.0
1,1167,春和景明云淡风清,0.0,0.0,0.0,0.0,1025.0,4907.0,74677.0,0.0,0.0,0.0
4,1168,哈罗椰只,1.0,4.0,1.0,0.0,105.0,215.0,501.0,0.0,0.0,0.0
4,1169,kuma_现充中,1.0,12.0,0.0,0.0,161.0,641.0,11421.0,0.0,1.0,1.0
3,1170,我超级喜欢华子哥哥,0.0,0.0,0.0,0.0,72.0,553.0,2200.0,0.0,0.0,0.0
0,1171,杉吾史吾,1.0,34.0,13.0,1.0,90.0,586.0,400.0,0.0,0.0,0.0
5,1172,星轮逆转,0.0,0.0,0.0,1.0,2.0,29.0,5.0,0.0,0.0,0.0
4,1173,鱼昧QAQ,1.0,33.0,5.0,0.0,1600.0,305.0,2608.0,1.0,0.0,0.0
2,1174,没有昵称的zyk,1.0,8.0,0.0,1.0,30.0,42.0,5.0,0.0,0.0,0.0
5,1175,顺Q1淄然,0.0,0.0,0.0,1.0,25.0,97.0,151.0,0.0,0.0,0.0
2,1176,Shiro379Alice,1.0,3.0,31.0,0.0,447.0,397.0,14023.0,0.0,0.0,1.0
2,1177,起风了alive,1.0,7.0,0.0,1.0,167.0,341.0,839.0,0.0,0.0,0.0
4,1178,Sook_21,0.0,0.0,0.0,0.0,63.0,619.0,698.0,0.0,0.0,0.0
4,1179,莱米与卢克,1.0,17.0,0.0,0.0,258.0,728.0,105.0,0.0,0.0,0.0
0,1180,小悦爱吃甜食,1.0,8.0,3.0,1.0,67.0,380.0,736.0,0.0,0.0,0.0
0,1181,涩涩bot,1.0,4.0,0.0,1.0,131.0,814.0,9.0,0.0,0.0,0.0
5,1182,虚空之眼卡萨丁,0.0,0.0,0.0,1.0,37.0,570.0,455.0,0.0,0.0,0.0
0,1183,阿林LA,1.0,3.0,0.0,1.0,1044.0,287.0,50.0,0.0,0.0,0.0
5,1184,travis-B,0.0,0.0,0.0,1.0,5.0,136.0,52.0,0.0,0.0,1.0
2,1185,旅行中的白羊,1.0,16.0,2.0,1.0,135.0,213.0,9798.0,0.0,0.0,0.0
0,1186,本同学不喝可乐,1.0,14.0,1.0,1.0,243.0,1004.0,1307.0,0.0,0.0,0.0
0,1187,鱼仔想想想,1.0,5.0,0.0,1.0,238.0,162.0,29.0,0.0,0.0,0.0
5,1188,Kidwills,0.0,0.0,0.0,1.0,31.0,72.0,268.0,0.0,0.0,0.0
1,1189,小鸟游夏,0.0,0.0,0.0,1.0,14.0,430.0,121.0,0.0,0.0,0.0
5,1190,wb什么时候倒闭,0.0,0.0,0.0,1.0,30.0,85.0,34.0,0.0,0.0,0.0
0,1191,lshnoodle,1.0,5.0,0.0,1.0,80.0,39.0,3.0,0.0,0.0,0.0
0,1192,一声呜咽_,1.0,27.0,2.0,1.0,88.0,1554.0,698.0,0.0,0.0,1.0
4,1193,绿野丢丢,1.0,7.0,0.0,0.0,86.0,521.0,1285.0,0.0,0.0,0.0
5,1194,犯二青年19,0.0,0.0,0.0,1.0,32.0,388.0,7.0,0.0,0.0,0.0
4,1195,苏茶茶的呆毛,1.0,1.0,0.0,0.0,46.0,124.0,176.0,0.0,0.0,0.0
5,1196,水与天齐,0.0,0.0,0.0,1.0,77.0,750.0,545.0,0.0,0.0,0.0
4,1197,月见梅香,1.0,6.0,1.0,0.0,236.0,1325.0,8505.0,0.0,0.0,0.0
0,1198,彼方桑-k,1.0,4.0,0.0,1.0,161.0,778.0,5420.0,0.0,0.0,0.0
0,1199,Methanol-Diesel,1.0,2.0,10.0,1.0,193.0,62.0,194.0,0.0,0.0,0.0
5,1200,yahaha617,0.0,0.0,0.0,1.0,65.0,219.0,380.0,0.0,0.0,0.0
0,1201,柳柳的小呆迪,1.0,6.0,0.0,1.0,205.0,68.0,1765.0,0.0,0.0,0.0
5,1202,s神魔之殇s,0.0,0.0,0.0,1.0,4.0,19.0,29.0,0.0,0.0,0.0
1,1203,花丶若酔,0.0,0.0,0.0,1.0,18.0,156.0,416.0,0.0,0.0,0.0
0,1204,十三缘_,1.0,8.0,3.0,1.0,81.0,369.0,131.0,0.0,0.0,0.0
3,1205,荒城之歌,1.0,10.0,0.0,1.0,95.0,167.0,628.0,0.0,0.0,0.0
4,1206,滴狸狸哒啦啦啦,1.0,0.0,1.0,0.0,73.0,370.0,3167.0,0.0,0.0,1.0
0,1207,EVAN_030,1.0,3.0,1.0,1.0,62.0,489.0,1321.0,0.0,0.0,0.0
2,1208,李琥珀的外八小短腿,1.0,18.0,1.0,1.0,2.0,160.0,516.0,0.0,0.0,0.0
5,1209,慕斯_w,0.0,0.0,0.0,1.0,3.0,8.0,0.0,0.0,0.0,0.0
4,1210,sakidoki,0.0,0.0,0.0,0.0,678.0,632.0,9.0,0.0,0.0,0.0
5,1211,从不摸鱼的烨橙,0.0,0.0,0.0,1.0,7.0,27.0,16.0,0.0,0.0,0.0
0,1212,光之工具人加把劲儿,1.0,10.0,0.0,1.0,156.0,365.0,3381.0,0.0,0.0,1.0
2,1213,璎珞萌萝Magenta-长期疯癫中,1.0,17.0,0.0,0.0,195.0,156.0,4944.0,0.0,0.0,0.0
5,1214,悄然無聲的過客,0.0,0.0,0.0,1.0,30.0,476.0,434.0,0.0,0.0,0.0
2,1215,全都给我木达木达,1.0,5.0,3.0,1.0,51.0,34.0,47.0,0.0,0.0,0.0
0,1216,雫泉,1.0,0.0,6.0,1.0,41.0,909.0,1030.0,0.0,0.0,0.0
3,1217,卡卡西的白毛浮绿水,1.0,2.0,0.0,0.0,280.0,1901.0,198.0,0.0,0.0,0.0
5,1218,芙兰师匠,0.0,0.0,0.0,1.0,0.0,3.0,0.0,0.0,0.0,0.0
0,1219,蓝灯游戏-BSL白龙,1.0,26.0,2.0,1.0,3467.0,451.0,6342.0,0.0,0.0,0.0
3,1220,Axier97,0.0,0.0,0.0,0.0,18.0,100.0,70.0,0.0,0.0,0.0
4,1221,变成富婆吧,1.0,5.0,0.0,0.0,177.0,367.0,5660.0,0.0,0.0,0.0
5,1222,你又懂了i,0.0,0.0,0.0,1.0,13.0,25.0,2.0,0.0,0.0,0.0
3,1223,Dear南笙姑娘,1.0,12.0,1.0,0.0,265.0,4435.0,12728.0,0.0,0.0,0.0
5,1224,Apeirokalia-,0.0,0.0,0.0,1.0,116.0,940.0,395.0,0.0,0.0,0.0
3,1225,佯嫚,1.0,3.0,0.0,0.0,189.0,3743.0,2070.0,1.0,0.0,0.0
5,1226,凌痕烟雪,0.0,0.0,0.0,1.0,24.0,425.0,81.0,0.0,0.0,0.0
2,1227,三釖瑬,1.0,2.0,0.0,1.0,43.0,274.0,2.0,0.0,0.0,0.0
0,1228,宵弥s,1.0,22.0,2.0,1.0,35.0,462.0,937.0,0.0,0.0,0.0
5,1229,长空sama,0.0,0.0,0.0,1.0,14.0,3.0,0.0,0.0,0.0,0.0
1,1230,ScarDemon,0.0,0.0,0.0,1.0,7.0,116.0,250.0,0.0,0.0,0.0
0,1231,狗泽kozec,1.0,25.0,0.0,1.0,56.0,140.0,170.0,0.0,0.0,0.0
1,1232,欧气满满123,0.0,0.0,0.0,1.0,72.0,34.0,0.0,0.0,1.0,0.0
3,1233,BZyaaa,1.0,2.0,0.0,1.0,16.0,573.0,705.0,0.0,0.0,0.0
0,1234,R4014N,1.0,2.0,0.0,1.0,0.0,73.0,0.0,0.0,0.0,0.0
5,1235,喔闷骇行吧,0.0,0.0,0.0,1.0,24.0,154.0,424.0,0.0,0.0,0.0
1,1236,大仪最英俊,0.0,0.0,0.0,1.0,12.0,25.0,14.0,0.0,0.0,0.0
0,1237,赦天琴棘,1.0,4.0,0.0,1.0,68.0,2386.0,1796.0,0.0,0.0,0.0
5,1238,北蜩昵称不可用,0.0,0.0,0.0,1.0,3.0,26.0,1.0,0.0,0.0,0.0
0,1239,以后再看海ba,1.0,4.0,0.0,1.0,94.0,290.0,179.0,0.0,0.0,1.0
0,1240,刘贝贝er,1.0,2.0,0.0,1.0,10645.0,127.0,2.0,0.0,0.0,0.0
2,1241,空调还得17度,1.0,6.0,0.0,1.0,36.0,30.0,374.0,0.0,0.0,0.0
0,1242,狍小坑的是我,1.0,9.0,1.0,1.0,151.0,59.0,135.0,0.0,0.0,0.0
0,1243,快一点睡觉,1.0,1.0,2.0,1.0,32.0,150.0,3264.0,0.0,0.0,0.0
2,1244,中华家的窝窝头,1.0,5.0,0.0,1.0,74.0,272.0,137.0,0.0,0.0,0.0
4,1245,赈早见幻灵,1.0,5.0,0.0,0.0,93.0,851.0,15504.0,0.0,0.0,0.0
0,1246,罗伯特特特特忒,1.0,4.0,0.0,1.0,224.0,174.0,711.0,0.0,0.0,0.0
2,1247,祁白白吖,1.0,11.0,0.0,0.0,125.0,516.0,11.0,0.0,0.0,0.0
2,1248,Alleri_,1.0,11.0,0.0,1.0,138.0,498.0,4068.0,0.0,1.0,0.0
1,1249,蕉你做人,0.0,0.0,0.0,1.0,33.0,76.0,323.0,0.0,0.0,1.0
5,1250,Rmbaci,0.0,0.0,0.0,1.0,68.0,492.0,40.0,0.0,0.0,0.0
3,1251,明将会是怎样,1.0,10.0,2.0,1.0,15.0,89.0,41.0,0.0,0.0,0.0
2,1252,蔚蓝黑兔,1.0,27.0,3.0,1.0,189.0,1881.0,11024.0,0.0,0.0,1.0
2,1253,小白是腹黑三,1.0,8.0,3.0,0.0,335.0,1304.0,6529.0,0.0,0.0,0.0
2,1254,积乱云的涂鸦,1.0,12.0,1.0,1.0,71.0,575.0,105.0,0.0,0.0,0.0
5,1255,Uchida_Eugen,0.0,0.0,0.0,1.0,271.0,484.0,1267.0,0.0,0.0,0.0
4,1256,HeyyHowYouDoing,1.0,8.0,0.0,0.0,11.0,67.0,105.0,0.0,0.0,0.0
2,1257,看我弹死你这个猪皮,1.0,5.0,0.0,1.0,43.0,383.0,662.0,0.0,0.0,0.0
2,1258,KIAAAAAAAA,1.0,1.0,1.0,0.0,114.0,330.0,1129.0,0.0,0.0,0.0
0,1259,踏海行者,1.0,3.0,3.0,1.0,170.0,136.0,1358.0,0.0,0.0,0.0
0,1260,禁闭可莉爱炸鱼,1.0,6.0,0.0,1.0,170.0,24.0,8.0,0.0,0.0,0.0
0,1261,派对小马碧琪派_,1.0,5.0,0.0,1.0,19.0,228.0,280.0,0.0,0.0,0.0
5,1262,Rayn2_Dawn2,1.0,7.0,0.0,1.0,82.0,334.0,5159.0,0.0,0.0,0.0
0,1263,十六夜小黑,1.0,10.0,0.0,1.0,1848.0,403.0,644.0,0.0,0.0,0.0
2,1264,吾辈的猫薄荷,1.0,9.0,0.0,1.0,32.0,376.0,1517.0,0.0,0.0,0.0
5,1265,丹青_蛋清,0.0,0.0,0.0,1.0,91.0,339.0,103.0,0.0,1.0,0.0
0,1266,嘴臭骑士V28,1.0,7.0,0.0,1.0,165.0,704.0,2490.0,0.0,0.0,0.0
1,1267,火耀天穹,0.0,0.0,0.0,1.0,6.0,77.0,10.0,0.0,0.0,1.0
5,1268,微笑是最好的莫样,0.0,0.0,0.0,1.0,44.0,182.0,63.0,0.0,0.0,0.0
4,1269,ringringhappy_666,1.0,13.0,1.0,0.0,109.0,671.0,25.0,0.0,0.0,0.0
1,1270,wangxorz,0.0,0.0,0.0,1.0,29.0,87.0,51.0,0.0,0.0,0.0
0,1271,杀杀Keithy,1.0,21.0,17.0,1.0,338.0,265.0,8670.0,0.0,0.0,0.0
4,1272,天才勇者爱吃麦乐鸡块,1.0,14.0,1.0,0.0,54.0,335.0,6144.0,0.0,0.0,0.0
0,1273,可怕的喵2333,1.0,4.0,1.0,1.0,67.0,533.0,269.0,0.0,0.0,0.0
0,1274,小欧梦见蜂蜜色的晨曦,1.0,4.0,5.0,1.0,249.0,743.0,2861.0,0.0,0.0,1.0
2,1275,Cayde_7,1.0,55.0,1.0,1.0,694.0,692.0,932.0,0.0,0.0,1.0
0,1276,凡叶不会烦耶,1.0,4.0,0.0,1.0,46.0,186.0,3.0,0.0,0.0,0.0
2,1277,k奇酱,1.0,4.0,0.0,1.0,36.0,109.0,20.0,0.0,0.0,0.0
0,1278,knight-妖梦,1.0,2.0,0.0,1.0,41.0,769.0,3410.0,0.0,0.0,0.0
3,1279,moyorl,0.0,0.0,0.0,1.0,38.0,131.0,750.0,0.0,0.0,0.0
0,1280,只是link,1.0,0.0,7.0,1.0,49.0,181.0,556.0,0.0,0.0,0.0
4,1281,闻人流葭,0.0,0.0,0.0,0.0,126.0,1602.0,7652.0,0.0,0.0,0.0
0,1282,真的拎不清,1.0,3.0,0.0,1.0,34.0,1199.0,715.0,0.0,0.0,0.0
2,1283,孤城慎独,1.0,8.0,1.0,1.0,15.0,8.0,0.0,0.0,0.0,0.0
4,1284,ToKei酱,1.0,23.0,3.0,0.0,23.0,132.0,99.0,0.0,0.0,0.0
2,1285,人形自走制冷机器,1.0,5.0,0.0,1.0,91.0,554.0,7777.0,0.0,0.0,0.0
2,1286,硬币9982号,1.0,10.0,0.0,1.0,5485.0,496.0,1301.0,0.0,0.0,0.0
3,1287,Eerikkk,0.0,0.0,0.0,1.0,29.0,181.0,1.0,0.0,0.0,0.0
5,1288,叫我夜哩,0.0,0.0,0.0,1.0,9.0,35.0,121.0,0.0,0.0,0.0
2,1289,-乔鲁诺乔巴拿拿-,1.0,2.0,0.0,0.0,39.0,307.0,2178.0,0.0,0.0,0.0
2,1290,paxx21-,1.0,19.0,2.0,0.0,378.0,862.0,614.0,0.0,0.0,0.0
4,1291,Rasavatam,1.0,1.0,0.0,0.0,107.0,775.0,1105.0,0.0,0.0,0.0
0,1292,我原来就是小黑子,1.0,24.0,2.0,1.0,10.0,67.0,299.0,0.0,1.0,0.0
1,1293,斯卡蒂_Skadi,0.0,0.0,0.0,0.0,85.0,503.0,585.0,0.0,0.0,0.0
4,1294,AmIlyIsA__GEmINI,1.0,6.0,0.0,0.0,7.0,170.0,3546.0,0.0,0.0,0.0
0,1295,想要有只喵小,1.0,4.0,1.0,1.0,38.0,33.0,5.0,0.0,0.0,0.0
3,1296,眼科学员,1.0,14.0,4.0,1.0,67.0,123.0,367.0,0.0,0.0,0.0
4,1297,double_damn,1.0,10.0,0.0,0.0,53.0,468.0,1402.0,0.0,0.0,0.0
2,1298,黑暗膜法大祭司,1.0,4.0,0.0,1.0,81.0,48.0,352.0,0.0,0.0,0.0
0,1299,成承承承承承承承,1.0,8.0,2.0,1.0,79.0,254.0,48.0,0.0,1.0,0.0
2,1300,想吃海底捞要八盘肉,1.0,10.0,2.0,0.0,85.0,251.0,769.0,0.0,0.0,0.0
5,1301,Arceus-mega,0.0,0.0,0.0,1.0,0.0,164.0,44.0,0.0,0.0,0.0
1,1302,_大大大大大柚子_,0.0,0.0,0.0,0.0,80.0,185.0,253.0,0.0,0.0,0.0
3,1303,比企谷阿华,1.0,4.0,0.0,1.0,62.0,892.0,1605.0,0.0,0.0,0.0
0,1304,三壹喵,1.0,5.0,0.0,1.0,28.0,657.0,780.0,0.0,0.0,0.0
0,1305,废宅臭打游戏的不会懂人间温柔,1.0,18.0,2.0,1.0,65.0,237.0,191.0,0.0,0.0,0.0
0,1306,队友马一枪就开次花,1.0,9.0,0.0,1.0,88.0,303.0,253.0,0.0,0.0,0.0
5,1307,岛边无风,0.0,0.0,0.0,1.0,24.0,87.0,102.0,0.0,0.0,0.0
3,1308,姜桃的杂货铺,1.0,14.0,4.0,1.0,31.0,572.0,139.0,0.0,0.0,0.0
0,1309,格兰赛法甲板清洁工黑糖,1.0,7.0,0.0,1.0,32.0,151.0,1151.0,0.0,0.0,0.0
1,1310,随便的网名_,0.0,0.0,0.0,0.0,25.0,14.0,30.0,0.0,0.0,0.0
1,1311,tjdd1,0.0,0.0,0.0,1.0,6.0,65.0,26.0,0.0,0.0,0.0
4,1312,采薇南栅,0.0,0.0,0.0,0.0,33.0,222.0,86.0,0.0,0.0,0.0
3,1313,忧鱼与熊掌,1.0,18.0,1.0,1.0,33.0,81.0,77.0,0.0,0.0,0.0
0,1314,透kun,1.0,0.0,4.0,1.0,156.0,807.0,26.0,0.0,0.0,0.0
1,1315,灬悠夏曲,0.0,0.0,0.0,1.0,75.0,50.0,39.0,0.0,0.0,0.0
5,1316,在的话v我10吃饭,0.0,0.0,0.0,1.0,12.0,8.0,1.0,0.0,0.0,0.0
5,1317,今天充值信仰了吗,1.0,46.0,5.0,0.0,77.0,413.0,4611.0,0.0,0.0,1.0
1,1318,夕洛lin,0.0,0.0,0.0,0.0,22.0,149.0,125.0,0.0,0.0,0.0
0,1319,库-丘林_Alter,1.0,0.0,9.0,1.0,44.0,308.0,14.0,0.0,0.0,0.0
1,1320,政泪,0.0,0.0,0.0,1.0,42.0,105.0,195.0,0.0,0.0,0.0
2,1321,圈圈喵酱,1.0,8.0,0.0,0.0,178.0,1146.0,8815.0,0.0,0.0,0.0
1,1322,背着吉他的猫6,0.0,0.0,0.0,1.0,19.0,35.0,3.0,0.0,0.0,0.0
0,1323,QWDFRE,1.0,3.0,0.0,1.0,58.0,125.0,0.0,0.0,0.0,0.0
0,1324,戏生人主,1.0,2.0,0.0,1.0,63.0,123.0,69.0,0.0,0.0,0.0
1,1325,凝调,0.0,0.0,0.0,0.0,42.0,161.0,1175.0,0.0,0.0,0.0
2,1326,在下葉孤城,1.0,13.0,1.0,1.0,111.0,990.0,1496.0,0.0,0.0,0.0
0,1327,麻吉麻-,1.0,6.0,0.0,1.0,103.0,228.0,93.0,0.0,0.0,0.0
1,1328,臭瓜12136,0.0,0.0,0.0,1.0,41.0,106.0,209.0,0.0,0.0,0.0
0,1329,小北方神涯,1.0,14.0,0.0,1.0,149.0,305.0,105.0,0.0,0.0,0.0
4,1330,ColdAme_凉雨初霁,1.0,20.0,0.0,0.0,1194.0,234.0,1382.0,0.0,0.0,0.0
0,1331,Mountain韬,1.0,4.0,1.0,1.0,48.0,294.0,566.0,0.0,0.0,0.0
2,1332,地狱三俗犬,1.0,9.0,0.0,1.0,2177.0,449.0,886.0,0.0,0.0,0.0
3,1333,胡莱的右手,1.0,0.0,1.0,1.0,53.0,13.0,10.0,0.0,0.0,0.0
2,1334,先自罚一顿火锅,1.0,2.0,0.0,0.0,137.0,130.0,2615.0,0.0,0.0,0.0
5,1335,搞怪阿毛,0.0,0.0,0.0,1.0,72.0,91.0,48.0,0.0,0.0,0.0
4,1336,逃跑到月球后发现,1.0,2.0,0.0,0.0,13.0,868.0,7033.0,0.0,0.0,0.0
5,1337,c跳跳呀,0.0,0.0,0.0,1.0,7.0,56.0,5.0,0.0,0.0,0.0
2,1338,生活不易摆烂不止,1.0,10.0,0.0,1.0,42.0,51.0,48.0,0.0,0.0,0.0
3,1339,铜仁铝精神状况观测中心分院,1.0,22.0,0.0,1.0,1451.0,393.0,1566.0,0.0,0.0,1.0
0,1340,PlagueXXX,1.0,11.0,1.0,1.0,84.0,387.0,1286.0,0.0,0.0,0.0
5,1341,火焰15710,0.0,0.0,0.0,1.0,0.0,120.0,6.0,0.0,0.0,0.0
0,1342,熊拾酒,1.0,11.0,1.0,1.0,143.0,866.0,1861.0,0.0,0.0,0.0
5,1343,望宇离痕,0.0,0.0,0.0,1.0,79.0,179.0,677.0,0.0,0.0,0.0
1,1344,不阳光宅男_Dmy,0.0,0.0,0.0,1.0,63.0,103.0,49.0,0.0,0.0,0.0
1,1345,孙笑川吧吧主,0.0,0.0,0.0,1.0,863.0,344.0,7.0,0.0,0.0,0.0
2,1346,绝世好剑无双枪,1.0,4.0,0.0,0.0,41.0,37.0,2800.0,0.0,0.0,0.0
1,1347,我对利姆露一心一意,0.0,0.0,0.0,1.0,20.0,47.0,61.0,0.0,0.0,0.0
0,1348,UwithLay,1.0,2.0,1.0,1.0,24.0,81.0,17.0,0.0,0.0,0.0
2,1349,Anskil,1.0,28.0,0.0,1.0,194.0,39.0,6130.0,0.0,0.0,0.0
0,1350,小町千岁,1.0,33.0,2.0,1.0,122.0,447.0,1253.0,0.0,0.0,0.0
2,1351,挺之问原,1.0,12.0,12.0,1.0,75.0,146.0,438.0,0.0,0.0,0.0
3,1352,W-21-End,1.0,1.0,0.0,1.0,280.0,743.0,509.0,0.0,0.0,0.0
5,1353,布袋junior,0.0,0.0,0.0,1.0,50.0,13.0,3.0,0.0,0.0,0.0
0,1354,七号大狼狗,1.0,0.0,1.0,1.0,86.0,114.0,22.0,0.0,0.0,0.0
1,1355,bgo天下第一,0.0,0.0,0.0,1.0,6.0,10.0,5.0,0.0,0.0,0.0
0,1356,烤冷面战士-GDP,1.0,17.0,2.0,1.0,169.0,177.0,2074.0,0.0,0.0,0.0
5,1357,左凡GT,0.0,0.0,0.0,1.0,48.0,306.0,72.0,0.0,0.0,0.0
5,1358,不如吃泡面,0.0,0.0,0.0,1.0,11.0,44.0,53.0,0.0,0.0,0.0
1,1359,DEANSZH,0.0,0.0,0.0,1.0,407.0,1784.0,2781.0,0.0,0.0,0.0
2,1360,水煮牛肉鱼片,1.0,4.0,0.0,1.0,62.0,161.0,208.0,0.0,0.0,0.0
5,1361,PC端的炮灰战士,0.0,0.0,0.0,1.0,2.0,237.0,98.0,0.0,0.0,0.0
0,1362,吃布洛芬挨打,1.0,6.0,0.0,1.0,75.0,199.0,8.0,0.0,0.0,0.0
2,1363,不喷不禁快乐对线,1.0,18.0,2.0,1.0,5.0,37.0,50.0,0.0,0.0,0.0
3,1364,一及万亿,0.0,0.0,0.0,1.0,207.0,225.0,107.0,0.0,0.0,0.0
4,1365,伊藤今天也不返图,1.0,13.0,1.0,0.0,177.0,334.0,502.0,0.0,0.0,0.0
3,1366,林克sama,1.0,8.0,1.0,0.0,70.0,397.0,581.0,0.0,0.0,0.0
5,1367,看门道哥,0.0,0.0,0.0,1.0,15.0,133.0,943.0,0.0,0.0,0.0
2,1368,灯若眠,1.0,8.0,0.0,0.0,56.0,120.0,613.0,0.0,0.0,0.0
3,1369,冷眸---Sou,0.0,0.0,0.0,1.0,12.0,38.0,8.0,0.0,0.0,0.0
1,1370,辰魂112,0.0,0.0,0.0,1.0,30.0,39.0,0.0,0.0,0.0,0.0
0,1371,太原俊后生,1.0,7.0,0.0,1.0,249.0,256.0,4395.0,0.0,0.0,0.0
2,1372,忘玩,1.0,4.0,0.0,1.0,195.0,580.0,691.0,0.0,0.0,0.0
5,1373,-死徒-,0.0,0.0,0.0,1.0,50.0,1326.0,5689.0,0.0,0.0,0.0
3,1374,收音机今天关机了吗,1.0,11.0,0.0,0.0,114.0,1888.0,1463.0,0.0,0.0,0.0
0,1375,狠狠的把id给,1.0,3.0,1.0,1.0,125.0,531.0,3777.0,0.0,0.0,0.0
5,1376,lzcxhxhxh,0.0,0.0,0.0,1.0,23.0,193.0,55.0,0.0,0.0,0.0
0,1377,一个爪爪,1.0,1.0,1.0,1.0,203.0,849.0,7680.0,0.0,0.0,0.0
0,1378,擅长摸鱼的friends,1.0,12.0,0.0,1.0,360.0,615.0,6526.0,0.0,0.0,0.0
3,1379,振Bryant,1.0,16.0,9.0,0.0,396.0,4504.0,48255.0,0.0,0.0,0.0
5,1380,卢本开_55挂,0.0,0.0,0.0,1.0,5.0,38.0,2.0,0.0,0.0,0.0
0,1381,___屉攸___,1.0,7.0,0.0,1.0,42.0,762.0,831.0,0.0,0.0,0.0
2,1382,夜色依然在,1.0,8.0,2.0,0.0,171.0,408.0,5677.0,0.0,0.0,0.0
5,1383,error1980,1.0,33.0,4.0,1.0,10769.0,897.0,1865.0,1.0,1.0,0.0
3,1384,让我化身锦鲤叭,1.0,1.0,0.0,0.0,12.0,312.0,140.0,0.0,0.0,0.0
1,1385,天呐你可真二,0.0,0.0,0.0,0.0,81.0,207.0,186.0,0.0,0.0,0.0
4,1386,纆隽,0.0,0.0,0.0,0.0,64.0,91.0,16.0,0.0,0.0,0.0
0,1387,咯噔胖次,1.0,8.0,1.0,1.0,200.0,1003.0,7356.0,0.0,0.0,0.0
2,1388,魔王的漫画书,1.0,11.0,2.0,0.0,676.0,604.0,24.0,0.0,0.0,0.0
4,1389,逗你逗你2014,1.0,2.0,0.0,0.0,37.0,122.0,132.0,0.0,0.0,0.0
3,1390,zzzdvvvvvvvvvv,0.0,0.0,0.0,1.0,82.0,748.0,2.0,0.0,0.0,0.0
2,1391,弑殇童话,1.0,17.0,2.0,1.0,10.0,48.0,659.0,0.0,0.0,0.0
2,1392,八雲雲_,1.0,21.0,4.0,0.0,10.0,56.0,275.0,0.0,0.0,0.0
0,1393,ZoCoCo_CN,1.0,7.0,0.0,1.0,56.0,683.0,1235.0,0.0,0.0,0.0
0,1394,我当然想你啊,1.0,12.0,1.0,1.0,432.0,130.0,9.0,0.0,0.0,0.0
2,1395,Morty9999,1.0,2.0,0.0,1.0,30.0,491.0,374.0,0.0,0.0,0.0
4,1396,羊好吃,1.0,13.0,2.0,0.0,2273.0,326.0,864.0,0.0,0.0,0.0
0,1397,ZoumaWss,1.0,13.0,0.0,1.0,51.0,2026.0,1386.0,0.0,0.0,0.0
0,1398,Phobiaed,1.0,2.0,0.0,1.0,39.0,58.0,6.0,0.0,0.0,0.0
4,1399,松饼加炼乳,1.0,5.0,0.0,1.0,50.0,506.0,2483.0,0.0,1.0,0.0
0,1400,派大星变美乃滋,1.0,8.0,2.0,1.0,0.0,85.0,7.0,0.0,1.0,0.0
1,1401,就是诚明呀,0.0,0.0,0.0,1.0,7.0,29.0,1.0,0.0,0.0,0.0
5,1402,幼儿园园霸52758,0.0,0.0,0.0,1.0,12.0,174.0,232.0,0.0,0.0,0.0
2,1403,爾東_CC,1.0,5.0,1.0,0.0,16.0,243.0,715.0,0.0,0.0,0.0
2,1404,千变万夏丶,1.0,14.0,2.0,1.0,124.0,664.0,1757.0,0.0,1.0,0.0
1,1405,多幸运在这里,0.0,0.0,0.0,1.0,49.0,108.0,311.0,0.0,0.0,0.0
1,1406,掰筷子,0.0,0.0,0.0,1.0,7.0,22.0,21.0,0.0,0.0,0.0
0,1407,尅埜,1.0,4.0,0.0,1.0,18.0,252.0,7.0,0.0,0.0,0.0
1,1408,L_Wanna,0.0,0.0,0.0,1.0,106.0,439.0,1489.0,0.0,0.0,0.0
0,1409,SuGAgASA,1.0,6.0,1.0,1.0,764.0,83.0,110.0,0.0,0.0,0.0
0,1410,白十GG,1.0,9.0,0.0,1.0,40.0,225.0,212.0,0.0,0.0,0.0
5,1411,-吸魂鬼-,0.0,0.0,0.0,1.0,22.0,88.0,181.0,0.0,0.0,0.0
5,1412,Gemdreamer·PI,0.0,0.0,0.0,1.0,27.0,314.0,171.0,0.0,0.0,0.0
5,1413,能吃的香菜,0.0,0.0,0.0,1.0,16.0,303.0,9.0,0.0,0.0,0.0
5,1414,MISakamikoto20001,0.0,0.0,0.0,1.0,29.0,66.0,26.0,0.0,0.0,0.0
5,1415,多功能彩笔,0.0,0.0,0.0,1.0,95.0,145.0,4595.0,0.0,0.0,0.0
1,1416,很休闲的玩家,0.0,0.0,0.0,1.0,49.0,193.0,181.0,0.0,0.0,0.0
2,1417,不犯中二就犯病,1.0,21.0,1.0,1.0,9.0,101.0,8.0,0.0,0.0,0.0
0,1418,SUNHANNIBA,1.0,10.0,1.0,1.0,183.0,546.0,1.0,0.0,0.0,0.0
3,1419,尘归尘封,1.0,24.0,3.0,1.0,46.0,166.0,6.0,0.0,0.0,0.0
5,1420,palleed,0.0,0.0,0.0,1.0,0.0,28.0,3.0,0.0,0.0,0.0
1,1421,黑疯佬先生,0.0,0.0,0.0,1.0,22.0,13.0,7.0,0.0,0.0,0.0
2,1422,kekelegume,1.0,7.0,0.0,0.0,10.0,108.0,16.0,0.0,0.0,0.0
1,1423,健身房常驻混子,0.0,0.0,0.0,1.0,298.0,145.0,383.0,0.0,0.0,0.0
4,1424,·黑金兔兔厨·,1.0,24.0,3.0,0.0,249.0,665.0,6662.0,0.0,0.0,1.0
2,1425,·杨蘑菇·,1.0,13.0,13.0,0.0,5363.0,812.0,473.0,1.0,0.0,1.0
2,1426,小天使的翅膀硬了你来打我啊,1.0,5.0,0.0,1.0,335.0,2623.0,9921.0,0.0,0.0,0.0
5,1427,已非意中人,0.0,0.0,0.0,1.0,40.0,336.0,184.0,0.0,0.0,0.0
1,1428,吾乃是中二病患者_369,0.0,0.0,0.0,0.0,5.0,21.0,11.0,0.0,0.0,0.0
2,1429,小狗鯊魚,1.0,8.0,0.0,1.0,615.0,901.0,8769.0,0.0,0.0,1.0
0,1430,呆头虎虎,1.0,7.0,1.0,1.0,80.0,261.0,17.0,0.0,0.0,0.0
2,1431,荒野之息2什么时候出,1.0,0.0,1.0,1.0,51.0,144.0,125.0,0.0,0.0,0.0
0,1432,Chrysalis7,1.0,4.0,0.0,1.0,68.0,441.0,33.0,0.0,0.0,0.0
2,1433,抗压王兜兜,1.0,2.0,0.0,1.0,43.0,7.0,10.0,0.0,0.0,0.0
3,1434,V29822,0.0,0.0,0.0,1.0,27.0,89.0,849.0,0.0,0.0,0.0
3,1435,矬謉_Jason,1.0,7.0,0.0,0.0,162.0,934.0,5758.0,0.0,0.0,0.0
0,1436,仮面ZORO,1.0,7.0,0.0,1.0,377.0,190.0,54.0,0.0,0.0,0.0
2,1437,别难为狗了_,1.0,1.0,1.0,1.0,11.0,144.0,492.0,0.0,0.0,1.0
0,1438,清风上玄月,1.0,14.0,2.0,1.0,65.0,105.0,638.0,0.0,0.0,0.0
1,1439,北枳9102,0.0,0.0,0.0,1.0,46.0,459.0,184.0,0.0,0.0,0.0
1,1440,qwegni,0.0,0.0,0.0,1.0,4.0,27.0,241.0,0.0,0.0,0.0
1,1441,神33040,0.0,0.0,0.0,1.0,22.0,40.0,79.0,0.0,0.0,0.0
5,1442,娱乐用万能天使,0.0,0.0,0.0,1.0,2.0,28.0,6.0,0.0,0.0,0.0
2,1443,Booker_Dewitt,1.0,23.0,4.0,0.0,191.0,480.0,289.0,0.0,0.0,1.0
2,1444,犀利铜锣烧y,1.0,18.0,2.0,1.0,31.0,173.0,112.0,0.0,1.0,0.0
2,1445,leonhavenohands,1.0,14.0,1.0,1.0,274.0,251.0,396.0,0.0,0.0,0.0
5,1446,鬼跪鬼鬼,0.0,0.0,0.0,1.0,12.0,73.0,71.0,0.0,0.0,0.0
2,1447,Ataraxia平安喜樂,1.0,5.0,0.0,1.0,122.0,282.0,311.0,0.0,0.0,0.0
4,1448,董欣洁1226,1.0,8.0,1.0,0.0,356.0,3556.0,10158.0,0.0,0.0,1.0
2,1449,胡开心zz,1.0,16.0,0.0,1.0,58.0,455.0,1846.0,0.0,0.0,0.0
5,1450,僵尸时代2277,0.0,0.0,0.0,1.0,64.0,54.0,75.0,0.0,0.0,0.0
5,1451,大芒果果果果果果菌,0.0,0.0,0.0,1.0,78.0,1175.0,436.0,0.0,0.0,0.0
2,1452,野生的舰队指挥官,1.0,16.0,1.0,1.0,84.0,1178.0,24412.0,0.0,0.0,0.0
5,1453,污半生,1.0,6.0,2.0,1.0,62.0,16.0,577.0,0.0,0.0,0.0
0,1454,dang033,1.0,26.0,2.0,1.0,19.0,86.0,47.0,0.0,0.0,0.0
1,1455,流云心Aurora,0.0,0.0,0.0,1.0,16.0,15.0,499.0,0.0,0.0,0.0
4,1456,Helo青蛙斗舞,1.0,22.0,3.0,0.0,31.0,412.0,152.0,0.0,0.0,0.0
3,1457,穿刺术,0.0,0.0,0.0,1.0,0.0,66.0,9.0,0.0,0.0,0.0
5,1458,Kuri丶END,0.0,0.0,0.0,1.0,0.0,238.0,406.0,0.0,0.0,0.0
5,1459,快乐少年亚索,0.0,0.0,0.0,1.0,14.0,139.0,40.0,0.0,0.0,0.0
0,1460,色图雷达启动,1.0,13.0,1.0,1.0,24.0,176.0,1422.0,0.0,0.0,0.0
1,1461,即将燃尽的红莲,0.0,0.0,0.0,0.0,23.0,321.0,364.0,0.0,0.0,0.0
2,1462,阳每天都想看海,1.0,3.0,0.0,1.0,110.0,1816.0,14151.0,0.0,0.0,0.0
0,1463,现世劫,1.0,38.0,4.0,1.0,64.0,183.0,132.0,0.0,0.0,0.0
5,1464,阿涵阿函,0.0,0.0,0.0,1.0,12.0,34.0,34.0,0.0,0.0,0.0
3,1465,骂人兔兔成大V,1.0,3.0,0.0,1.0,95.0,403.0,752.0,0.0,0.0,0.0
3,1466,锦鲤本尊就在这里Koi,1.0,16.0,0.0,0.0,418.0,3970.0,14086.0,0.0,0.0,0.0
2,1467,click或ph,1.0,29.0,9.0,1.0,42.0,89.0,7.0,0.0,0.0,0.0
2,1468,xwmrct,1.0,3.0,1.0,0.0,267.0,481.0,128.0,0.0,0.0,0.0
5,1469,cbsy85417,0.0,0.0,0.0,1.0,26.0,21.0,2.0,0.0,0.0,0.0
2,1470,XieScorpio,1.0,6.0,0.0,1.0,20.0,87.0,25.0,0.0,0.0,0.0
1,1471,藏剑山庄许愿池,0.0,0.0,0.0,0.0,108.0,585.0,8568.0,0.0,0.0,0.0
0,1472,人间极恶_苏酒肆,1.0,25.0,10.0,1.0,13.0,34.0,9.0,0.0,0.0,0.0
5,1473,竹墨尘儿,0.0,0.0,0.0,1.0,72.0,364.0,198.0,0.0,0.0,0.0
2,1474,依然BB旺,1.0,11.0,1.0,1.0,148.0,121.0,1477.0,0.0,0.0,0.0
4,1475,你饿了关我屁事,1.0,3.0,0.0,0.0,80.0,730.0,28.0,0.0,0.0,0.0
5,1476,黑夜的影子94551,0.0,0.0,0.0,1.0,21.0,99.0,13.0,0.0,0.0,0.0
0,1477,epenguin22,1.0,0.0,1.0,1.0,1.0,28.0,0.0,0.0,0.0,0.0
3,1478,0天赋,0.0,0.0,0.0,0.0,58.0,1401.0,9875.0,0.0,0.0,0.0
4,1479,ZELDA_WAN,0.0,0.0,0.0,0.0,41.0,143.0,30.0,0.0,0.0,0.0
2,1480,我妈说学做人要先听核,1.0,9.0,0.0,1.0,1508.0,570.0,222.0,0.0,0.0,0.0
3,1481,Eeeekai,1.0,17.0,0.0,1.0,41.0,145.0,1749.0,0.0,0.0,0.0
2,1482,哀虎菌,1.0,9.0,1.0,1.0,17.0,274.0,1201.0,0.0,0.0,1.0
2,1483,脑浆蘑菇汤,1.0,2.0,0.0,0.0,135.0,2709.0,6363.0,0.0,0.0,0.0
4,1484,momomoheiv,1.0,0.0,1.0,0.0,100.0,226.0,8680.0,0.0,0.0,0.0
1,1485,碱性胶囊,0.0,0.0,0.0,0.0,167.0,24.0,10.0,0.0,0.0,0.0
3,1486,Pillow_bat,1.0,0.0,3.0,1.0,135.0,758.0,23.0,0.0,0.0,0.0
0,1487,每天砍一棵白桦树,1.0,25.0,2.0,1.0,144.0,843.0,1503.0,0.0,0.0,0.0
1,1488,逍遥过去了,0.0,0.0,0.0,1.0,1.0,8.0,4.0,0.0,0.0,0.0
2,1489,立志和老番茄成为校友,1.0,45.0,7.0,0.0,4088.0,3625.0,7591.0,0.0,0.0,1.0
4,1490,肥宅系百合男子,0.0,0.0,0.0,0.0,91.0,971.0,2206.0,0.0,0.0,0.0
0,1491,奢求_82084,1.0,2.0,0.0,1.0,25.0,28.0,57.0,0.0,0.0,0.0
0,1492,焦糖红辣椒,1.0,8.0,1.0,1.0,432.0,944.0,230.0,0.0,0.0,1.0
2,1493,阿华甜z,1.0,7.0,0.0,1.0,116.0,167.0,62.0,0.0,0.0,0.0
3,1494,不冷也不热的HUI,0.0,0.0,0.0,1.0,52.0,494.0,1865.0,0.0,0.0,0.0
5,1495,墨稻梨殇,0.0,0.0,0.0,1.0,78.0,864.0,661.0,0.0,0.0,0.0
2,1496,kaer47,1.0,15.0,2.0,0.0,402.0,93.0,2512.0,0.0,0.0,0.0
2,1497,vic豹,1.0,11.0,1.0,1.0,186.0,1221.0,700.0,0.0,0.0,0.0
2,1498,小兔猫雨叶,1.0,10.0,0.0,0.0,942.0,1083.0,4689.0,0.0,0.0,1.0
2,1499,一只有梦想的狗纸,1.0,21.0,0.0,1.0,335.0,1066.0,7.0,0.0,0.0,0.0
4,1500,山山不住大山里,1.0,12.0,0.0,0.0,26.0,114.0,1083.0,0.0,1.0,0.0
0,1501,okabun_,1.0,12.0,0.0,1.0,123.0,274.0,2446.0,0.0,0.0,0.0
5,1502,三三喵呀,0.0,0.0,0.0,1.0,5.0,21.0,41.0,0.0,0.0,0.0
1,1503,海风轻云雁,0.0,0.0,0.0,1.0,41.0,250.0,2344.0,0.0,0.0,0.0
5,1504,西木可Crowe,0.0,0.0,0.0,1.0,17.0,34.0,85.0,0.0,0.0,0.0
2,1505,顾影自叹,1.0,6.0,0.0,1.0,178.0,756.0,269.0,0.0,0.0,0.0
5,1506,谁染青衣沫肆雪,0.0,0.0,0.0,1.0,44.0,152.0,68.0,0.0,0.0,0.0
5,1507,C纯属娱乐,0.0,0.0,0.0,1.0,14.0,241.0,14.0,0.0,0.0,0.0
5,1508,7777狸子果,0.0,0.0,0.0,1.0,1.0,9.0,14.0,0.0,0.0,0.0
0,1509,Dawn_Sinnoh,1.0,13.0,0.0,1.0,147.0,81.0,54.0,0.0,0.0,0.0
0,1510,鸥叽叽叽,1.0,5.0,0.0,1.0,46.0,749.0,1172.0,0.0,0.0,0.0
3,1511,心镜D,0.0,0.0,0.0,1.0,103.0,607.0,356.0,0.0,0.0,0.0
2,1512,manami的吉他,1.0,4.0,0.0,1.0,162.0,918.0,543.0,0.0,0.0,0.0
0,1513,转发抽奖搜罗,1.0,12.0,0.0,1.0,10428.0,331.0,14143.0,0.0,0.0,0.0
1,1514,夏夜的物语,0.0,0.0,0.0,1.0,26.0,196.0,59.0,0.0,0.0,0.0
5,1515,月轮姐姐什么时候到,0.0,0.0,0.0,1.0,13.0,15.0,10.0,0.0,0.0,0.0
1,1516,_Drm丶梦想,0.0,0.0,0.0,1.0,38.0,37.0,4.0,0.0,0.0,0.0
5,1517,MC不好玩QAQ_772,0.0,0.0,0.0,1.0,0.0,94.0,5.0,0.0,0.0,0.0
0,1518,摸鱼队长Arno11,1.0,0.0,1.0,1.0,35.0,172.0,63.0,0.0,0.0,0.0
5,1519,有圈的9,0.0,0.0,0.0,1.0,13.0,46.0,60.0,0.0,0.0,0.0
1,1520,键盘给我,0.0,0.0,0.0,1.0,17.0,227.0,110.0,0.0,0.0,0.0
0,1521,unadertale,1.0,2.0,0.0,1.0,95.0,51.0,21.0,0.0,0.0,0.0
5,1522,沐淤清泫,0.0,0.0,0.0,1.0,37.0,63.0,1.0,0.0,0.0,0.0
2,1523,Regis_,1.0,8.0,0.0,1.0,25.0,78.0,430.0,0.0,0.0,0.0
2,1524,别烦我在抢饭,1.0,5.0,0.0,0.0,1305.0,158.0,365.0,0.0,0.0,1.0
4,1525,阿欧丝瑞,0.0,0.0,0.0,0.0,84.0,17.0,44.0,0.0,0.0,0.0
4,1526,乚巳巳卩厶匚巳,1.0,12.0,0.0,0.0,42.0,279.0,2673.0,0.0,0.0,0.0
3,1527,万叶飞花流丶,0.0,0.0,0.0,0.0,22.0,58.0,54.0,0.0,0.0,0.0
1,1528,MicroBlog神奈,0.0,0.0,0.0,0.0,80.0,50.0,10.0,0.0,0.0,0.0
5,1529,四方羊尊,0.0,0.0,0.0,1.0,0.0,34.0,0.0,0.0,0.0,0.0
2,1530,早上吃什么好,1.0,3.0,0.0,1.0,60.0,37.0,3.0,0.0,0.0,0.0
5,1531,saber26241,0.0,0.0,0.0,1.0,31.0,159.0,78.0,0.0,0.0,0.0
2,1532,叫柒沐啦,1.0,11.0,2.0,1.0,74.0,392.0,6945.0,0.0,0.0,0.0
5,1533,tl疯人院,0.0,0.0,0.0,1.0,85.0,370.0,3231.0,0.0,0.0,1.0
0,1534,人穷志短败嗨风_,1.0,7.0,1.0,1.0,39.0,322.0,1590.0,0.0,0.0,0.0
1,1535,R丶尺子,0.0,0.0,0.0,1.0,31.0,79.0,27.0,0.0,0.0,0.0
2,1536,墨色未白,1.0,13.0,3.0,1.0,209.0,416.0,4190.0,0.0,0.0,0.0
3,1537,此世魅影,1.0,7.0,0.0,1.0,15.0,70.0,3715.0,0.0,0.0,0.0
0,1538,极品老仙伴您成长,0.0,0.0,0.0,1.0,41.0,37.0,3.0,0.0,0.0,0.0
2,1539,你一笑如花,1.0,14.0,1.0,1.0,72.0,1165.0,478.0,0.0,0.0,0.0
4,1540,花花花花花楹,1.0,10.0,0.0,0.0,8.0,246.0,883.0,0.0,0.0,0.0
1,1541,恶意合格,0.0,0.0,0.0,1.0,35.0,10.0,12.0,0.0,0.0,0.0
0,1542,家住隔壁我姓王--,1.0,6.0,3.0,1.0,90.0,172.0,24.0,0.0,0.0,0.0
4,1543,北斗to南,0.0,0.0,0.0,0.0,3.0,53.0,139.0,0.0,0.0,0.0
1,1544,风火少侠,0.0,0.0,0.0,1.0,54.0,276.0,282.0,0.0,0.0,0.0
0,1545,原来是江哥啊,1.0,7.0,0.0,1.0,38.0,30.0,15.0,0.0,0.0,0.0
5,1546,快看啊B君,0.0,0.0,0.0,1.0,22.0,54.0,1.0,0.0,0.0,0.0
4,1547,蜀黍今天也要努力,1.0,9.0,2.0,0.0,86.0,829.0,3391.0,0.0,0.0,0.0
2,1548,莉可没睡醒,1.0,5.0,7.0,0.0,127.0,285.0,1203.0,0.0,0.0,0.0
0,1549,哦伊哇伊伊,1.0,5.0,1.0,1.0,7.0,37.0,0.0,0.0,0.0,0.0
1,1550,760782掌缘生灭,0.0,0.0,0.0,1.0,0.0,3.0,0.0,0.0,0.0,0.0
2,1551,寸心澈水寒,1.0,9.0,1.0,1.0,95.0,203.0,1632.0,0.0,0.0,0.0
4,1552,万能小段JDuan,1.0,3.0,1.0,0.0,98.0,56.0,128.0,0.0,1.0,0.0
2,1553,天宇无轩,1.0,13.0,1.0,1.0,51.0,268.0,9.0,0.0,0.0,0.0
5,1554,毂辘毂鲈,0.0,0.0,0.0,1.0,38.0,112.0,514.0,0.0,0.0,0.0
0,1555,久伴不离_cc,1.0,14.0,2.0,1.0,319.0,204.0,1375.0,0.0,0.0,0.0
0,1556,山野一井,1.0,6.0,0.0,1.0,439.0,889.0,450.0,0.0,0.0,0.0
5,1557,吡数自在人心,0.0,0.0,0.0,1.0,4.0,56.0,14.0,0.0,0.0,0.0
2,1558,风暴击倒树,1.0,18.0,0.0,1.0,34.0,402.0,2871.0,0.0,0.0,0.0
5,1559,星叶儿不会受伤,0.0,0.0,0.0,1.0,1.0,78.0,96.0,0.0,0.0,0.0
0,1560,-hhyyyyyy-,1.0,7.0,3.0,1.0,1225.0,692.0,1845.0,1.0,0.0,0.0
0,1561,红鲤鱼与绿鲤鱼与驴--233,1.0,8.0,1.0,1.0,36.0,395.0,3.0,0.0,0.0,0.0
0,1562,年轻人别一言不合就立flag,1.0,10.0,7.0,1.0,3.0,208.0,568.0,0.0,0.0,0.0
1,1563,猫咪爱吃鱼嗯啊,0.0,0.0,0.0,1.0,12.0,28.0,5.0,0.0,0.0,0.0
2,1564,朱子彧2333,1.0,0.0,9.0,1.0,121.0,108.0,172.0,0.0,0.0,0.0
2,1565,阿育的土豆粉,1.0,4.0,0.0,1.0,74.0,2799.0,542.0,0.0,0.0,0.0
2,1566,欢眠,1.0,28.0,0.0,1.0,1276.0,220.0,166.0,0.0,1.0,1.0
5,1567,贝雷丝厨,0.0,0.0,0.0,1.0,26.0,410.0,984.0,0.0,0.0,0.0
0,1568,带怯偷眼望,1.0,4.0,0.0,1.0,36.0,89.0,2.0,0.0,1.0,0.0
4,1569,明日方舟鸿雪,1.0,49.0,16.0,0.0,172.0,177.0,1933.0,0.0,0.0,0.0
3,1570,咦我昵称哪去了,1.0,3.0,0.0,1.0,44.0,487.0,39.0,0.0,0.0,0.0
2,1571,華Karin,1.0,7.0,1.0,1.0,47.0,120.0,1150.0,0.0,0.0,0.0
5,1572,飞天的虾族,0.0,0.0,0.0,1.0,35.0,81.0,28.0,0.0,0.0,0.0
2,1573,2言言吖icon,1.0,35.0,6.0,0.0,3385.0,521.0,1138.0,0.0,0.0,0.0
1,1574,神女控5542376338,0.0,0.0,0.0,1.0,15.0,142.0,854.0,0.0,0.0,0.0
1,1575,优烈的小窝,0.0,0.0,0.0,1.0,36.0,46.0,123.0,0.0,0.0,0.0
0,1576,MuteANDowl,1.0,3.0,0.0,1.0,267.0,256.0,595.0,0.0,0.0,0.0
0,1577,MoussZ,1.0,15.0,2.0,1.0,66.0,454.0,801.0,0.0,0.0,0.0
0,1578,小z剑客,1.0,16.0,2.0,1.0,116.0,114.0,124.0,0.0,0.0,0.0
5,1579,手指指天脚踏地,0.0,0.0,0.0,1.0,20.0,111.0,202.0,0.0,0.0,0.0
3,1580,DdeJaVuuuuuuuuu,1.0,5.0,0.0,1.0,144.0,134.0,47.0,0.0,0.0,0.0
1,1581,A大调的华尔兹,0.0,0.0,0.0,0.0,5.0,27.0,1.0,0.0,0.0,0.0
5,1582,千瞿,0.0,0.0,0.0,1.0,95.0,388.0,544.0,0.0,0.0,0.0
4,1583,M0101J-,1.0,1.0,0.0,0.0,101.0,277.0,249.0,0.0,0.0,0.0
0,1584,蓝白aozame,1.0,21.0,1.0,1.0,211.0,329.0,3834.0,0.0,0.0,0.0
1,1585,丶北橘南枳,0.0,0.0,0.0,1.0,85.0,166.0,1620.0,0.0,0.0,0.0
0,1586,丹丶墨,1.0,6.0,0.0,1.0,59.0,48.0,684.0,0.0,1.0,0.0
3,1587,超级男孩Hero,1.0,3.0,0.0,1.0,10266.0,617.0,5319.0,1.0,0.0,0.0
5,1588,pigpigpigoink,0.0,0.0,0.0,1.0,41.0,70.0,23.0,0.0,0.0,0.0
1,1589,XMAOsama,0.0,0.0,0.0,1.0,33.0,197.0,150.0,0.0,0.0,0.0
3,1590,lucks00,0.0,0.0,0.0,0.0,26.0,110.0,282.0,0.0,0.0,0.0
1,1591,风吟剑磬,0.0,0.0,0.0,1.0,7.0,111.0,327.0,0.0,0.0,0.0
4,1592,Mega_Empire,1.0,3.0,0.0,0.0,22.0,233.0,0.0,0.0,0.0,0.0
3,1593,人群中的小黑,0.0,0.0,0.0,1.0,56.0,254.0,137.0,0.0,1.0,0.0
2,1594,恶犬恶犬,1.0,4.0,0.0,1.0,219.0,907.0,2056.0,0.0,0.0,0.0
2,1595,V制式量产型萌新,1.0,0.0,5.0,0.0,11.0,93.0,276.0,0.0,0.0,0.0
2,1596,PigMeatBun,1.0,6.0,0.0,1.0,143.0,339.0,479.0,0.0,0.0,0.0
2,1597,闻人琅,1.0,8.0,1.0,0.0,68.0,505.0,2188.0,0.0,0.0,0.0
1,1598,LuvKy_zz,0.0,0.0,0.0,1.0,257.0,1940.0,1715.0,0.0,0.0,0.0
1,1599,一名路过的骑士,0.0,0.0,0.0,0.0,4.0,190.0,59.0,0.0,0.0,0.0
2,1600,云莫宇,1.0,3.0,0.0,1.0,236.0,906.0,2089.0,0.0,0.0,0.0
5,1601,忘初心有,0.0,0.0,0.0,1.0,44.0,76.0,117.0,0.0,0.0,0.0
4,1602,微博抽奖平台,1.0,16.0,3.0,1.0,16048381.0,1321.0,7411.0,1.0,0.0,1.0
5,1603,一般通过咸鱼,0.0,0.0,0.0,1.0,54.0,96.0,98.0,0.0,0.0,0.0
1,1604,肿肿,0.0,0.0,0.0,0.0,1124.0,96.0,69.0,1.0,0.0,1.0
1,1605,小小酥CASTE,0.0,0.0,0.0,1.0,88.0,1013.0,2162.0,0.0,0.0,0.0
5,1606,闇黑猫,0.0,0.0,0.0,1.0,10.0,114.0,13.0,0.0,0.0,0.0
2,1607,善良温柔又纯洁的鹤叔叔,1.0,8.0,2.0,1.0,199.0,691.0,339.0,0.0,0.0,0.0
5,1608,墨染夜雲,0.0,0.0,0.0,1.0,4.0,59.0,40.0,0.0,0.0,0.0
2,1609,Venus长板,1.0,14.0,0.0,1.0,174.0,37.0,9.0,0.0,0.0,0.0
0,1610,害怕眨眼睛,1.0,4.0,0.0,1.0,3963.0,26.0,0.0,0.0,0.0,0.0
0,1611,终极自闭人,1.0,0.0,3.0,1.0,66.0,403.0,2949.0,0.0,0.0,0.0
4,1612,呆毛突然翘起来了,1.0,2.0,0.0,0.0,109.0,297.0,1877.0,0.0,0.0,0.0
1,1613,心碎下雨夜,0.0,0.0,0.0,1.0,17.0,115.0,11.0,0.0,0.0,0.0
2,1614,爱吃鸡的郝神,1.0,15.0,1.0,1.0,6.0,8.0,36.0,0.0,0.0,0.0
3,1615,美丽玫瑰好好,1.0,5.0,0.0,1.0,524.0,12734.0,42515.0,0.0,0.0,0.0
4,1616,成分不明Z,1.0,2.0,0.0,0.0,98.0,153.0,33.0,0.0,0.0,0.0
0,1617,世事怎抵清宵梦境,1.0,15.0,3.0,1.0,74.0,65.0,6.0,0.0,0.0,0.0
1,1618,法海爱一休,0.0,0.0,0.0,1.0,29.0,305.0,565.0,0.0,0.0,0.0
1,1619,忠叔叔丶,0.0,0.0,0.0,1.0,16.0,414.0,634.0,0.0,0.0,0.0
0,1620,凯露单推人,1.0,10.0,0.0,1.0,160.0,73.0,1764.0,0.0,0.0,0.0
1,1621,夜午路乙,0.0,0.0,0.0,0.0,56.0,92.0,67.0,0.0,0.0,0.0
1,1622,离坤晋也,0.0,0.0,0.0,1.0,9.0,294.0,636.0,0.0,1.0,0.0
4,1623,回岸w韵,0.0,0.0,0.0,0.0,24.0,69.0,116.0,0.0,1.0,0.0
2,1624,poi的提督,1.0,62.0,13.0,1.0,60.0,885.0,373.0,0.0,0.0,0.0
0,1625,秦岭秋风i,1.0,10.0,0.0,1.0,148.0,321.0,1953.0,0.0,0.0,0.0
5,1626,烟花飞渡似水流年61558,0.0,0.0,0.0,1.0,1.0,57.0,10.0,0.0,0.0,0.0
2,1627,不加糖小波,1.0,7.0,0.0,1.0,197.0,310.0,87.0,0.0,0.0,0.0
1,1628,银八酱的坏笑,0.0,0.0,0.0,1.0,80.0,576.0,1779.0,0.0,1.0,0.0
4,1629,榎木遥_Enoki_haru,1.0,10.0,1.0,0.0,24.0,88.0,137.0,0.0,0.0,0.0
0,1630,林壑敛瞑色,1.0,7.0,0.0,1.0,200.0,43.0,153.0,0.0,0.0,0.0
0,1631,空城君嘘,1.0,0.0,1.0,1.0,222.0,955.0,405.0,0.0,0.0,0.0
2,1632,花果要早睡早起,1.0,22.0,7.0,0.0,811.0,411.0,648.0,0.0,0.0,0.0
3,1633,咖喱是阿三,1.0,4.0,2.0,0.0,849.0,5077.0,154809.0,0.0,1.0,0.0
2,1634,Walkhorseee,1.0,6.0,0.0,1.0,160.0,256.0,627.0,0.0,0.0,1.0
0,1635,不谢的枫,1.0,9.0,0.0,1.0,111.0,171.0,644.0,0.0,0.0,0.0
0,1636,空喵蕉太郎,1.0,0.0,1.0,1.0,122.0,470.0,9372.0,0.0,0.0,0.0
5,1637,Schwarz_-,0.0,0.0,0.0,1.0,25.0,104.0,81.0,0.0,0.0,0.0
2,1638,暗影施法者-,1.0,2.0,0.0,1.0,52.0,298.0,5.0,0.0,0.0,0.0
0,1639,御坂1998,1.0,3.0,0.0,1.0,51.0,45.0,85.0,0.0,0.0,0.0
4,1640,私设光激推bot,1.0,4.0,1.0,0.0,80.0,968.0,719.0,0.0,0.0,0.0
0,1641,雾凇12345,1.0,4.0,0.0,1.0,50.0,334.0,410.0,0.0,0.0,0.0
2,1642,no-sleep-club,1.0,36.0,0.0,1.0,285.0,208.0,7376.0,0.0,0.0,1.0
4,1643,RoseXGreenday,1.0,6.0,0.0,0.0,179.0,1175.0,2447.0,0.0,0.0,0.0
5,1644,夕暮時光,0.0,0.0,0.0,1.0,22.0,5.0,2.0,0.0,0.0,0.0
5,1645,叫啥也行知道吗,0.0,0.0,0.0,1.0,53.0,89.0,375.0,0.0,0.0,0.0
1,1646,珍德食伱鸭,0.0,0.0,0.0,1.0,251.0,298.0,1754.0,1.0,1.0,0.0
0,1647,长夜将明,1.0,5.0,0.0,1.0,62.0,553.0,243.0,0.0,0.0,0.0
5,1648,阿布布嗷,0.0,0.0,0.0,1.0,8.0,86.0,5.0,0.0,0.0,0.0
0,1649,restaurant张,1.0,6.0,0.0,1.0,28.0,152.0,76.0,0.0,0.0,0.0
4,1650,LANK琅,1.0,12.0,1.0,0.0,121.0,1524.0,6219.0,0.0,0.0,0.0
4,1651,七个术,1.0,6.0,1.0,0.0,113.0,954.0,899.0,0.0,0.0,0.0
0,1652,桀无音,1.0,6.0,1.0,1.0,5.0,25.0,15.0,0.0,0.0,0.0
0,1653,抗压吧吧务团队10086,1.0,6.0,5.0,1.0,37.0,36.0,170.0,0.0,0.0,0.0
4,1654,小猫咪呜呜_,0.0,0.0,0.0,0.0,88.0,726.0,397.0,0.0,0.0,0.0
4,1655,水煮油炸小龙虾,0.0,0.0,0.0,0.0,60.0,373.0,311.0,0.0,0.0,0.0
0,1656,理直气壮的观察员,1.0,18.0,2.0,1.0,84.0,510.0,2196.0,0.0,0.0,0.0
1,1657,Face是什么,0.0,0.0,0.0,1.0,27.0,155.0,311.0,0.0,0.0,0.0
2,1658,TwilightRainbow,1.0,109.0,15.0,1.0,1938.0,959.0,8168.0,0.0,0.0,0.0
5,1659,心焰飘零,0.0,0.0,0.0,1.0,30.0,86.0,588.0,0.0,0.0,0.0
0,1660,翳云之上,1.0,1.0,0.0,1.0,269.0,58.0,50.0,0.0,0.0,0.0
5,1661,北冥有鱼曰咸鱼,0.0,0.0,0.0,1.0,26.0,89.0,7.0,0.0,0.0,0.0
3,1662,willuon,0.0,0.0,0.0,0.0,36.0,234.0,293.0,0.0,0.0,0.0
1,1663,wow_Yuah,0.0,0.0,0.0,1.0,60.0,130.0,14.0,0.0,0.0,0.0
5,1664,越千孤47203,0.0,0.0,0.0,1.0,29.0,102.0,363.0,0.0,0.0,0.0
2,1665,黑青城鵺,1.0,3.0,0.0,0.0,37.0,358.0,55.0,0.0,0.0,0.0
5,1666,ccczzzyx,0.0,0.0,0.0,1.0,2.0,411.0,16.0,0.0,0.0,0.0
5,1667,Takamachi_Vivio,0.0,0.0,0.0,1.0,23.0,110.0,81.0,0.0,0.0,0.0
4,1668,Skyraker987,1.0,24.0,2.0,0.0,74.0,180.0,610.0,0.0,0.0,0.0
4,1669,瘦到100斤再改名吧,0.0,0.0,0.0,0.0,95.0,444.0,1023.0,0.0,0.0,1.0
3,1670,Ars-凛,1.0,5.0,0.0,0.0,136.0,436.0,615.0,0.0,0.0,0.0
0,1671,陈聆汐,1.0,10.0,0.0,1.0,70.0,97.0,545.0,0.0,0.0,0.0
3,1672,牛批熊,1.0,15.0,2.0,0.0,3485.0,268.0,7108.0,0.0,0.0,1.0
0,1673,古巷月影清如玉,1.0,7.0,0.0,1.0,12.0,57.0,19.0,0.0,0.0,0.0
2,1674,紫菜包饭a_,1.0,5.0,0.0,1.0,99.0,137.0,10.0,0.0,0.0,0.0
2,1675,夕神心音,1.0,9.0,3.0,1.0,5.0,24.0,2057.0,0.0,0.0,0.0
4,1676,木木枭枭子,1.0,6.0,0.0,0.0,575.0,1054.0,3223.0,0.0,0.0,0.0
1,1677,暴躁三水喵喵喵,0.0,0.0,0.0,1.0,13.0,27.0,3.0,0.0,0.0,0.0
3,1678,咯烙珞络骆洛丽塔,1.0,12.0,0.0,1.0,57.0,569.0,8973.0,0.0,0.0,0.0
5,1679,江边沼泽害死村民,0.0,0.0,0.0,1.0,6.0,14.0,0.0,0.0,0.0,0.0
0,1680,江户川帅毛,1.0,10.0,1.0,1.0,21.0,28.0,87.0,0.0,0.0,0.0
0,1681,仰望星空109867,1.0,11.0,1.0,1.0,11.0,59.0,62.0,0.0,0.0,0.0
5,1682,蓝天上的黑云,0.0,0.0,0.0,1.0,53.0,119.0,105.0,0.0,0.0,0.0
3,1683,千夏丶凉惠,1.0,8.0,2.0,0.0,19.0,175.0,206.0,0.0,0.0,0.0
1,1684,叶小凶丶,0.0,0.0,0.0,1.0,0.0,85.0,16.0,0.0,0.0,0.0
4,1685,Aki是乌龟,1.0,2.0,0.0,0.0,54.0,200.0,9.0,0.0,0.0,0.0
0,1686,御龙苍天眼CEO,1.0,21.0,7.0,1.0,73.0,178.0,132.0,0.0,0.0,0.0
0,1687,或许是土豆泥,1.0,10.0,7.0,1.0,55.0,180.0,613.0,0.0,0.0,0.0
1,1688,作死还是不会死,0.0,0.0,0.0,1.0,67.0,273.0,54.0,0.0,0.0,0.0
4,1689,E1evenY_,1.0,6.0,2.0,0.0,139.0,228.0,298.0,0.0,0.0,0.0
1,1690,德莉莎我脑婆,0.0,0.0,0.0,0.0,7.0,98.0,18.0,0.0,0.0,0.0
0,1691,卖火柴的小男孩9160,1.0,3.0,0.0,1.0,55.0,101.0,0.0,0.0,0.0,0.0
1,1692,DodLIke刂兆,0.0,0.0,0.0,1.0,51.0,86.0,416.0,0.0,1.0,0.0
4,1693,-椰果奶绿,1.0,4.0,0.0,0.0,1782.0,1033.0,6841.0,0.0,0.0,1.0
5,1694,东南亚在逃战犯,0.0,0.0,0.0,1.0,53.0,107.0,184.0,0.0,0.0,0.0
5,1695,万中无一的绝世高手ll,0.0,0.0,0.0,1.0,45.0,170.0,34.0,0.0,0.0,0.0
5,1696,柳小枫666,0.0,0.0,0.0,1.0,8.0,21.0,4.0,0.0,0.0,0.0
2,1697,笑傲江湖李站长,1.0,8.0,2.0,1.0,142.0,160.0,538.0,0.0,0.0,0.0
1,1698,suika930224,0.0,0.0,0.0,1.0,1.0,14.0,6.0,0.0,0.0,0.0
2,1699,钱德乔伊罗斯看球赛,1.0,12.0,3.0,1.0,2845.0,100.0,144.0,0.0,0.0,0.0
2,1700,风花雪_越,1.0,9.0,0.0,1.0,95.0,165.0,102.0,0.0,0.0,0.0
4,1701,VickyCuzQ,1.0,34.0,4.0,0.0,588.0,333.0,1643.0,0.0,0.0,0.0
3,1702,Yinyangshi66,0.0,0.0,0.0,1.0,1.0,123.0,30.0,0.0,0.0,0.0
1,1703,仄丘月落,0.0,0.0,0.0,1.0,6.0,110.0,8.0,0.0,0.0,0.0
0,1704,合金装甲布狼牙,1.0,7.0,2.0,1.0,101.0,283.0,965.0,0.0,0.0,0.0
2,1705,放逐的阿里萨,1.0,10.0,1.0,1.0,112.0,70.0,365.0,0.0,0.0,0.0
5,1706,vfyccvj,0.0,0.0,0.0,1.0,0.0,43.0,0.0,0.0,0.0,0.0
0,1707,yuradesu,1.0,4.0,0.0,1.0,9.0,85.0,6.0,0.0,0.0,0.0
2,1708,九淼淼淼淼淼,1.0,0.0,0.0,0.0,2191.0,349.0,465.0,0.0,0.0,0.0
3,1709,Halooz,0.0,0.0,0.0,1.0,195.0,403.0,9.0,0.0,0.0,0.0
1,1710,今夕ssss,0.0,0.0,0.0,1.0,24.0,261.0,660.0,0.0,0.0,0.0
0,1711,宋氏夜型鱼,1.0,10.0,0.0,1.0,131.0,1140.0,1495.0,0.0,0.0,0.0
2,1712,与名为现实的怪物战斗的L,1.0,58.0,12.0,1.0,116179.0,1780.0,16957.0,1.0,0.0,1.0
4,1713,DoctorDax,1.0,8.0,1.0,0.0,3269.0,405.0,405.0,0.0,0.0,0.0
5,1714,三三一L,0.0,0.0,0.0,1.0,86.0,230.0,163.0,0.0,0.0,0.0
1,1715,永远都是温迪厨,0.0,0.0,0.0,0.0,2.0,134.0,63.0,0.0,0.0,0.0
5,1716,小明1231372,0.0,0.0,0.0,1.0,21.0,43.0,83.0,0.0,0.0,0.0
2,1717,垂死病中惊坐起感觉自己萌萌哒,1.0,2.0,0.0,1.0,26.0,22.0,0.0,0.0,0.0,0.0
0,1718,Super鱼香肉丝盖饭,1.0,4.0,0.0,1.0,47.0,382.0,6.0,0.0,0.0,0.0
3,1719,二十三年雨,1.0,6.0,0.0,1.0,128.0,298.0,520.0,0.0,0.0,0.0
2,1720,Wu_S_Jie,1.0,10.0,0.0,1.0,29.0,29.0,790.0,0.0,0.0,0.0
4,1721,Oyu·,1.0,6.0,0.0,0.0,150.0,255.0,60.0,0.0,0.0,0.0
0,1722,空见闻风,1.0,19.0,3.0,1.0,33.0,103.0,71.0,0.0,0.0,0.0
4,1723,絮语风尘,1.0,6.0,0.0,0.0,38.0,174.0,132.0,0.0,1.0,0.0
4,1724,昵称6785,0.0,0.0,0.0,0.0,188.0,2567.0,1313.0,0.0,0.0,0.0
3,1725,梦醒默离,1.0,50.0,7.0,0.0,9.0,201.0,1907.0,0.0,0.0,0.0
3,1726,佛系月宅,1.0,5.0,0.0,1.0,110.0,332.0,1001.0,0.0,1.0,0.0
2,1727,古見硝子_,1.0,2.0,2.0,1.0,129.0,516.0,244.0,0.0,0.0,0.0
1,1728,姓是水也啊,0.0,0.0,0.0,1.0,68.0,99.0,6.0,0.0,0.0,0.0
4,1729,沐_Muuuu,1.0,26.0,1.0,0.0,133.0,59.0,254.0,0.0,1.0,0.0
0,1730,博熊人工肝,1.0,14.0,1.0,1.0,181.0,537.0,5646.0,0.0,0.0,0.0
1,1731,Mmmm傻呀,0.0,0.0,0.0,1.0,1.0,39.0,3.0,0.0,0.0,0.0
0,1732,雪盖乌龙茶,1.0,4.0,0.0,1.0,61.0,281.0,18.0,0.0,0.0,0.0
5,1733,狂兔X,0.0,0.0,0.0,1.0,0.0,26.0,5.0,0.0,0.0,0.0
4,1734,爱泡芙的透明酱,1.0,6.0,1.0,0.0,318.0,138.0,1355.0,0.0,1.0,1.0
1,1735,花南-,0.0,0.0,0.0,1.0,0.0,42.0,0.0,0.0,0.0,0.0
5,1736,千帆幻尽,0.0,0.0,0.0,1.0,111.0,686.0,2116.0,0.0,0.0,1.0
4,1737,亡城嗜心,1.0,11.0,0.0,0.0,22.0,62.0,5.0,0.0,0.0,0.0
0,1738,独行白夜,1.0,16.0,4.0,1.0,61.0,208.0,81.0,0.0,0.0,0.0
1,1739,墨蓝TF,0.0,0.0,0.0,1.0,7.0,28.0,11.0,0.0,0.0,0.0
5,1740,Nzw_self,0.0,0.0,0.0,1.0,104.0,153.0,68.0,0.0,0.0,0.0
0,1741,良友人_,1.0,7.0,1.0,1.0,64.0,118.0,5.0,0.0,0.0,0.0
1,1742,寒冰长夜,0.0,0.0,0.0,1.0,254.0,1097.0,7.0,0.0,0.0,0.0
1,1743,古韵流年5675516293,0.0,0.0,0.0,1.0,0.0,91.0,143.0,0.0,0.0,0.0
0,1744,风尘噗噗啊,1.0,7.0,0.0,1.0,18.0,26.0,0.0,0.0,0.0,0.0
0,1745,苟殉,1.0,8.0,1.0,1.0,44.0,35.0,15.0,0.0,0.0,0.0
2,1746,蓬松咩咩吐司,1.0,2.0,2.0,1.0,303.0,594.0,28582.0,0.0,0.0,0.0
0,1747,人間惡戲,1.0,0.0,16.0,1.0,69.0,874.0,681.0,0.0,0.0,0.0
5,1748,铁线圈,0.0,0.0,0.0,1.0,32.0,659.0,123.0,0.0,0.0,0.0
4,1749,奇奇mttt,0.0,0.0,0.0,1.0,3.0,36.0,31.0,0.0,1.0,0.0
5,1750,哈维嘎嘎,0.0,0.0,0.0,1.0,69.0,32.0,10.0,0.0,0.0,0.0
1,1751,阿西_Ace,0.0,0.0,0.0,1.0,44.0,124.0,11.0,0.0,0.0,0.0
5,1752,Sessyon,0.0,0.0,0.0,1.0,13.0,88.0,151.0,0.0,0.0,0.0
5,1753,旧爱201108,0.0,0.0,0.0,1.0,34.0,249.0,238.0,0.0,0.0,0.0
1,1754,二三六猫眼,0.0,0.0,0.0,1.0,62.0,214.0,1288.0,0.0,0.0,0.0
5,1755,本熊与曦,0.0,0.0,0.0,1.0,36.0,12.0,1.0,0.0,0.0,0.0
1,1756,张吖吖吖丫,0.0,0.0,0.0,0.0,45.0,106.0,16.0,0.0,0.0,0.0
1,1757,罐装红豆泥,0.0,0.0,0.0,1.0,73.0,489.0,327.0,0.0,0.0,0.0
0,1758,TowerNeya,1.0,15.0,2.0,1.0,92.0,104.0,613.0,0.0,0.0,0.0
0,1759,完美的瓶子君,1.0,13.0,1.0,1.0,155.0,324.0,644.0,0.0,0.0,0.0
2,1760,Funnymiaomiao,1.0,4.0,0.0,1.0,121.0,243.0,1009.0,0.0,0.0,0.0
2,1761,美录坦,1.0,2.0,0.0,1.0,214.0,541.0,7096.0,0.0,0.0,1.0
0,1762,剑魔小姐月光加冕,1.0,8.0,0.0,1.0,44.0,338.0,2.0,0.0,0.0,0.0
2,1763,gakki之夫,1.0,6.0,4.0,1.0,70.0,168.0,143.0,0.0,0.0,0.0
1,1764,Askalon233,0.0,0.0,0.0,1.0,2.0,24.0,0.0,0.0,0.0,0.0
5,1765,snakeYD,0.0,0.0,0.0,1.0,10.0,49.0,57.0,0.0,0.0,0.0
2,1766,-aoiyama-,1.0,3.0,5.0,0.0,202.0,1583.0,3977.0,0.0,0.0,0.0
0,1767,TR天雷,1.0,21.0,11.0,1.0,6.0,46.0,6.0,0.0,0.0,0.0
0,1768,固液Solidus,1.0,9.0,0.0,1.0,18.0,721.0,2.0,0.0,0.0,0.0
4,1769,上官猫夏,0.0,0.0,0.0,0.0,59.0,200.0,120.0,0.0,0.0,0.0
2,1770,白米饭叔叔,1.0,36.0,8.0,1.0,31.0,35.0,22.0,0.0,0.0,0.0
4,1771,三森的泰国料理,1.0,0.0,1.0,0.0,44.0,260.0,441.0,0.0,0.0,0.0
1,1772,Linca0v0,0.0,0.0,0.0,0.0,14.0,68.0,2.0,0.0,0.0,0.0
4,1773,程嗨呀,1.0,2.0,0.0,0.0,87.0,339.0,45.0,0.0,0.0,0.0
2,1774,cc陌若晨曦,1.0,4.0,0.0,1.0,156.0,151.0,15478.0,0.0,0.0,0.0
2,1775,猫喜欢布丽吉塔,1.0,8.0,1.0,0.0,4.0,82.0,83.0,0.0,0.0,0.0
2,1776,_绀_,1.0,9.0,0.0,0.0,150.0,882.0,710.0,0.0,0.0,0.0
1,1777,EGWilson,0.0,0.0,0.0,1.0,23.0,327.0,410.0,0.0,0.0,0.0
5,1778,桜歌花舞,0.0,0.0,0.0,1.0,0.0,75.0,0.0,0.0,0.0,0.0
2,1779,我永远喜欢天女目瑛,1.0,6.0,0.0,1.0,136.0,198.0,2484.0,0.0,0.0,0.0
4,1780,TrevorLink,0.0,0.0,0.0,0.0,69.0,437.0,581.0,0.0,0.0,0.0
2,1781,白雨幽花松间露,1.0,5.0,1.0,1.0,382.0,1862.0,4078.0,0.0,0.0,0.0
4,1782,zc_铃玖,1.0,44.0,6.0,0.0,114028.0,424.0,1269.0,1.0,1.0,1.0
0,1783,北冰暖羊,1.0,41.0,6.0,1.0,73.0,1321.0,3449.0,0.0,0.0,0.0
0,1784,幽远tom,1.0,0.0,3.0,1.0,8.0,21.0,5.0,0.0,0.0,0.0
3,1785,四季天迟,0.0,0.0,0.0,1.0,67.0,2153.0,739.0,0.0,0.0,0.0
3,1786,零一灵依泠,0.0,0.0,0.0,1.0,1.0,6.0,3.0,0.0,0.0,0.0
5,1787,昨日之GE,0.0,0.0,0.0,1.0,2.0,134.0,5.0,0.0,0.0,0.0
0,1788,我产品是最好的,1.0,9.0,1.0,1.0,108.0,1975.0,2052.0,0.0,0.0,0.0
0,1789,林歌2088,1.0,3.0,0.0,1.0,27.0,39.0,33.0,0.0,1.0,0.0
2,1790,笨蛋超神,1.0,8.0,0.0,1.0,1347.0,455.0,406.0,0.0,0.0,1.0
0,1791,樱桃小丸子的x先生,1.0,16.0,2.0,1.0,47.0,125.0,77.0,0.0,0.0,0.0
5,1792,凉透呢啊,0.0,0.0,0.0,1.0,33.0,509.0,447.0,0.0,1.0,0.0
0,1793,YXH咸鱼,1.0,1.0,0.0,1.0,14.0,51.0,3.0,0.0,0.0,0.0
0,1794,黑猫DARCY,1.0,8.0,2.0,0.0,114.0,493.0,1964.0,0.0,0.0,0.0
0,1795,帅帅阿伟是我,1.0,0.0,1.0,1.0,28.0,482.0,80.0,0.0,0.0,0.0
3,1796,天意城神童江瑜,0.0,0.0,0.0,1.0,61.0,48.0,18.0,0.0,0.0,0.0
5,1797,六翼丶Angel,0.0,0.0,0.0,1.0,34.0,208.0,780.0,0.0,0.0,0.0
2,1798,寒尽减衣,1.0,7.0,0.0,0.0,307.0,448.0,890.0,0.0,0.0,0.0
1,1799,空白ygnb,0.0,0.0,0.0,1.0,32.0,552.0,95.0,0.0,0.0,1.0
1,1800,口吐芬芳芬芳侠,0.0,0.0,0.0,1.0,78.0,720.0,106.0,0.0,0.0,0.0
5,1801,dajskdk,0.0,0.0,0.0,1.0,0.0,73.0,20.0,0.0,0.0,0.0
2,1802,久石淋,1.0,5.0,0.0,1.0,11.0,158.0,70.0,0.0,0.0,0.0
0,1803,cryyin残吟,1.0,3.0,0.0,1.0,58.0,180.0,1661.0,0.0,0.0,0.0
1,1804,一定要谨慎提交昵称,0.0,0.0,0.0,1.0,22.0,93.0,254.0,0.0,0.0,0.0
0,1805,灰燕l,1.0,1.0,0.0,1.0,22.0,150.0,69.0,0.0,0.0,0.0
2,1806,长的老怪我喽,1.0,12.0,1.0,1.0,33.0,65.0,46.0,0.0,0.0,0.0
0,1807,槲寄生澜,1.0,9.0,0.0,1.0,549.0,750.0,4329.0,0.0,0.0,0.0
4,1808,粥八粥,1.0,5.0,1.0,0.0,76.0,132.0,739.0,0.0,0.0,0.0
5,1809,NekoMioing,0.0,0.0,0.0,1.0,32.0,514.0,495.0,0.0,1.0,0.0
0,1810,不念过去丿不惧将来,1.0,7.0,12.0,1.0,46.0,116.0,36.0,0.0,0.0,0.0
2,1811,林林林有雪,1.0,6.0,1.0,0.0,25111.0,607.0,1212.0,0.0,0.0,0.0
2,1812,Season丨Y,1.0,8.0,0.0,1.0,57.0,263.0,111.0,0.0,0.0,0.0
2,1813,冰晶王子K,1.0,8.0,8.0,1.0,38.0,78.0,26.0,0.0,0.0,0.0
5,1814,惹完我宝一定要立刻哄,0.0,0.0,0.0,1.0,120.0,363.0,1007.0,0.0,0.0,0.0
2,1815,彦翎千筑,1.0,14.0,1.0,0.0,243.0,900.0,6434.0,0.0,0.0,0.0
2,1816,一位帅鸽,1.0,3.0,1.0,0.0,118.0,1238.0,727.0,0.0,0.0,0.0
3,1817,叁漆贰拾一,0.0,0.0,0.0,1.0,79.0,292.0,67.0,0.0,0.0,0.0
5,1818,魔法使Yozawa,0.0,0.0,0.0,1.0,6.0,90.0,95.0,0.0,0.0,0.0
0,1819,灵华之城,1.0,20.0,1.0,1.0,72.0,423.0,159.0,0.0,0.0,0.0
0,1820,星海化鱼OvO,1.0,14.0,1.0,1.0,13.0,112.0,13.0,0.0,0.0,0.0
4,1821,只有红茶可以妈,1.0,4.0,0.0,0.0,25.0,245.0,1135.0,0.0,0.0,0.0
0,1822,请叫我蔬菜精灵,1.0,12.0,2.0,1.0,213.0,256.0,2422.0,0.0,0.0,0.0
5,1823,suhgr,0.0,0.0,0.0,1.0,11.0,76.0,114.0,0.0,0.0,0.0
2,1824,丹田sama,1.0,5.0,0.0,1.0,59.0,101.0,82.0,0.0,0.0,0.0
1,1825,N1ve,0.0,0.0,0.0,1.0,2.0,74.0,8.0,0.0,0.0,0.0
3,1826,铭骨以终身,1.0,12.0,0.0,1.0,54.0,567.0,1674.0,0.0,0.0,0.0
4,1827,ARZyyyyyyyy,0.0,0.0,0.0,0.0,6.0,137.0,14.0,0.0,0.0,0.0
5,1828,风语如歌wind,0.0,0.0,0.0,1.0,1.0,165.0,37.0,0.0,0.0,0.0
3,1829,咲奈心,0.0,0.0,0.0,0.0,38.0,104.0,47.0,0.0,0.0,0.0
0,1830,JackalCO,1.0,14.0,3.0,1.0,98.0,611.0,242.0,0.0,0.0,0.0
0,1831,拧螺丝的螺丝,1.0,12.0,0.0,1.0,23.0,49.0,469.0,0.0,0.0,0.0
1,1832,不止夕阳近黄昏,0.0,0.0,0.0,1.0,39.0,131.0,652.0,0.0,0.0,0.0
5,1833,降在荒原,0.0,0.0,0.0,1.0,3.0,68.0,16.0,0.0,0.0,0.0
4,1834,不磕领悟的冰葵鸡不是好衣伞批,1.0,6.0,0.0,0.0,694.0,1311.0,10798.0,0.0,0.0,1.0
5,1835,朝丝而雪飘,0.0,0.0,0.0,1.0,4.0,3.0,14.0,0.0,0.0,0.0
3,1836,不知52010,0.0,0.0,0.0,1.0,1.0,6.0,21.0,0.0,0.0,0.0
2,1837,于苦酒,1.0,8.0,2.0,0.0,618.0,192.0,974.0,0.0,0.0,0.0
5,1838,白木圭可大人,0.0,0.0,0.0,1.0,9.0,64.0,27.0,0.0,0.0,0.0
4,1839,Mona-忬嵐,1.0,15.0,2.0,0.0,523.0,3062.0,6839.0,1.0,0.0,0.0
5,1840,HHY12015,0.0,0.0,0.0,1.0,20.0,232.0,519.0,0.0,0.0,0.0
2,1841,其实是饭团哒,1.0,76.0,4.0,0.0,70.0,165.0,412.0,0.0,0.0,0.0
2,1842,没头脑吔不高兴,1.0,5.0,10.0,1.0,32.0,38.0,242.0,0.0,0.0,0.0
1,1843,Envy冫,0.0,0.0,0.0,1.0,36.0,29.0,6.0,0.0,0.0,0.0
3,1844,丶初璃丶,1.0,3.0,1.0,1.0,12.0,40.0,829.0,0.0,0.0,0.0
4,1845,qwepoizxcmnbv,0.0,0.0,0.0,0.0,23.0,261.0,1213.0,0.0,0.0,0.0
0,1846,U1qui0rra,1.0,11.0,0.0,1.0,44.0,44.0,1007.0,1.0,0.0,0.0
3,1847,赠与你的山茶花,1.0,1.0,0.0,1.0,15.0,419.0,624.0,0.0,0.0,0.0
5,1848,周一情侣是真爱,0.0,0.0,0.0,1.0,35.0,166.0,14.0,0.0,0.0,0.0
1,1849,丨慕雪,0.0,0.0,0.0,0.0,34.0,79.0,0.0,0.0,0.0,0.0
5,1850,SunSolaire,0.0,0.0,0.0,1.0,10.0,239.0,74.0,0.0,0.0,0.0
0,1851,一个满格的wifi,1.0,32.0,1.0,1.0,21.0,222.0,39.0,0.0,0.0,0.0
4,1852,亚希露,1.0,5.0,1.0,0.0,43.0,451.0,1272.0,0.0,0.0,0.0
2,1853,失眠折磨王,1.0,9.0,2.0,1.0,360.0,2282.0,378.0,0.0,0.0,1.0
4,1854,脏脏麻薯,1.0,7.0,0.0,0.0,64.0,237.0,1762.0,0.0,0.0,0.0
5,1855,建议微博尽快倒闭,0.0,0.0,0.0,1.0,22.0,108.0,20.0,0.0,0.0,0.0
5,1856,驯龙高手尹志平198102,0.0,0.0,0.0,1.0,46.0,349.0,455.0,0.0,0.0,0.0
0,1857,三分钟的Alence,1.0,3.0,0.0,1.0,48.0,69.0,10.0,0.0,0.0,0.0
5,1858,呵呵呵呵不了情_01,0.0,0.0,0.0,1.0,0.0,7.0,8.0,0.0,0.0,0.0
5,1859,timelorddoc,0.0,0.0,0.0,1.0,19.0,85.0,63.0,0.0,0.0,0.0
1,1860,只字恒,0.0,0.0,0.0,1.0,0.0,34.0,7.0,0.0,0.0,0.0
0,1861,啊啊啊啊爵,1.0,27.0,1.0,1.0,128.0,42.0,2.0,0.0,0.0,0.0
2,1862,三仙尼,1.0,2.0,0.0,1.0,62.0,200.0,198.0,0.0,0.0,0.0
0,1863,莱恩科斯,1.0,4.0,0.0,1.0,22.0,210.0,54.0,0.0,0.0,0.0
0,1864,少林不是客车,1.0,13.0,3.0,1.0,18.0,49.0,2.0,0.0,0.0,0.0
2,1865,林克尔desu,1.0,41.0,9.0,0.0,125.0,199.0,4121.0,0.0,0.0,1.0
5,1866,Enlien丶,0.0,0.0,0.0,1.0,25.0,5.0,0.0,0.0,0.0,0.0
5,1867,泥鱼龙最粪,0.0,0.0,0.0,1.0,89.0,885.0,853.0,0.0,0.0,0.0
2,1868,包酱豆腐去葱,1.0,3.0,0.0,0.0,19.0,127.0,13.0,0.0,0.0,0.0
3,1869,容我时醒时醉,1.0,4.0,0.0,1.0,33.0,156.0,44.0,0.0,0.0,0.0
0,1870,月影星河Qaq,1.0,18.0,1.0,1.0,116.0,111.0,951.0,0.0,0.0,0.0
0,1871,Rockpalette冬眠版,1.0,4.0,0.0,1.0,54.0,743.0,2937.0,0.0,0.0,0.0
5,1872,寂月zxcbjy,0.0,0.0,0.0,1.0,21.0,85.0,163.0,0.0,0.0,0.0
3,1873,神山神海,0.0,0.0,0.0,1.0,25.0,270.0,542.0,0.0,0.0,0.0
0,1874,硅基狂潮,1.0,6.0,0.0,1.0,2.0,34.0,49.0,0.0,0.0,1.0
1,1875,哎呀sizn,0.0,0.0,0.0,1.0,18.0,12.0,0.0,0.0,0.0,0.0
3,1876,騒乖可爱宝贝络,1.0,6.0,1.0,1.0,80.0,784.0,500.0,0.0,0.0,0.0
0,1877,黑暗骑士621,1.0,13.0,1.0,1.0,0.0,8.0,2.0,0.0,0.0,0.0
4,1878,咸鱼奔雨,1.0,26.0,1.0,0.0,182.0,884.0,3125.0,0.0,0.0,0.0
0,1879,三排八班蘑菇侠,1.0,5.0,0.0,1.0,113.0,212.0,1133.0,0.0,0.0,0.0
1,1880,金木你胖次掉了,0.0,0.0,0.0,1.0,104.0,333.0,3297.0,0.0,0.0,0.0
4,1881,酒里一碗鱼,1.0,6.0,0.0,0.0,135.0,868.0,277.0,0.0,0.0,0.0
2,1882,深海鳕鱼格莱尼,1.0,6.0,1.0,0.0,483.0,2555.0,2855.0,0.0,0.0,0.0
4,1883,亚修·,1.0,0.0,1.0,0.0,28.0,249.0,171.0,0.0,1.0,0.0
5,1884,微笑着守望,0.0,0.0,0.0,1.0,53.0,72.0,16.0,0.0,0.0,0.0
5,1885,AAalienNNnnn,0.0,0.0,0.0,1.0,38.0,412.0,63.0,0.0,0.0,0.0
1,1886,张朝阳32208,0.0,0.0,0.0,1.0,1.0,163.0,3.0,0.0,0.0,0.0
5,1887,sex反转异装癖lesbian,0.0,0.0,0.0,1.0,61.0,211.0,174.0,0.0,0.0,0.0
5,1888,机智的皮皮嘤,0.0,0.0,0.0,1.0,4.0,86.0,0.0,0.0,0.0,0.0
4,1889,鬼灬少女布狼牙,1.0,6.0,0.0,0.0,53.0,219.0,271.0,0.0,0.0,0.0
0,1890,西伯利亚著名猪头,1.0,8.0,0.0,1.0,69.0,518.0,3947.0,0.0,0.0,0.0
1,1891,柒夏醉梦尘,0.0,0.0,0.0,1.0,5.0,44.0,63.0,0.0,0.0,0.0
5,1892,ChrisJ丶德容,0.0,0.0,0.0,1.0,41.0,350.0,79.0,0.0,0.0,0.0
3,1893,天上天下天地无双喵,1.0,1.0,0.0,1.0,29.0,73.0,28.0,0.0,0.0,0.0
5,1894,阿离没有伞3,0.0,0.0,0.0,1.0,20.0,294.0,0.0,0.0,0.0,0.0
1,1895,Mt摸鱼好了,0.0,0.0,0.0,1.0,21.0,19.0,1.0,0.0,0.0,0.0
3,1896,幸运的血玫瑰男爵,0.0,0.0,0.0,1.0,0.0,375.0,5.0,0.0,0.0,0.0
2,1897,小小嘿-,1.0,3.0,0.0,1.0,222.0,685.0,348.0,0.0,0.0,0.0
4,1898,flag之王也不想立flag,1.0,8.0,0.0,0.0,93.0,402.0,506.0,0.0,0.0,0.0
4,1899,咸某oc,1.0,12.0,1.0,0.0,140.0,1662.0,7260.0,0.0,0.0,0.0
1,1900,yeezzzzzzzzzz,0.0,0.0,0.0,1.0,55.0,66.0,6.0,0.0,0.0,0.0
2,1901,fppp258,1.0,11.0,1.0,1.0,59.0,568.0,173.0,0.0,0.0,0.0
1,1902,温州落魄商人黄某,0.0,0.0,0.0,1.0,17.0,194.0,22.0,0.0,0.0,0.0
0,1903,有点蕉拙,1.0,0.0,7.0,1.0,37.0,289.0,31.0,0.0,0.0,0.0
2,1904,烧烤是只汪,1.0,26.0,1.0,1.0,78.0,71.0,81.0,0.0,0.0,0.0
0,1905,正确的一针见血的,1.0,1.0,0.0,1.0,79.0,773.0,830.0,0.0,0.0,0.0
4,1906,喵诗人nya,1.0,12.0,1.0,0.0,67.0,268.0,497.0,0.0,0.0,1.0
3,1907,爱茵最可爱,1.0,8.0,6.0,1.0,38.0,50.0,5.0,0.0,1.0,0.0
5,1908,品咕咕,0.0,0.0,0.0,1.0,15.0,91.0,7.0,0.0,0.0,0.0
2,1909,小羊年羔,1.0,4.0,0.0,0.0,161.0,946.0,490.0,0.0,0.0,0.0
0,1910,西北方丈助,1.0,12.0,1.0,1.0,134.0,971.0,8164.0,0.0,0.0,0.0
0,1911,挖煤工人牛三斤-,1.0,8.0,1.0,1.0,61.0,355.0,710.0,0.0,1.0,1.0
5,1912,Jason3zs,0.0,0.0,0.0,1.0,72.0,151.0,6.0,0.0,0.0,0.0
1,1913,卢飞e72139,0.0,0.0,0.0,1.0,11.0,108.0,5.0,0.0,0.0,0.0
4,1914,眠悠然,0.0,0.0,0.0,0.0,36.0,208.0,83.0,0.0,0.0,0.0
1,1915,洛苏书,0.0,0.0,0.0,1.0,18.0,155.0,1553.0,0.0,0.0,0.0
2,1916,无聊的鱼94,1.0,3.0,36.0,1.0,15.0,74.0,19.0,0.0,0.0,0.0
3,1917,伊东酱,1.0,12.0,1.0,1.0,12.0,50.0,64.0,0.0,1.0,0.0
0,1918,JokanraJoestar,1.0,73.0,2.0,1.0,110.0,287.0,179.0,0.0,0.0,0.0
0,1919,浩淼云兮,1.0,4.0,0.0,1.0,106.0,325.0,1605.0,0.0,0.0,0.0
2,1920,孤独地行走着,1.0,7.0,0.0,1.0,12.0,87.0,91.0,0.0,0.0,0.0
2,1921,憨憨白莲勿扰,1.0,4.0,0.0,1.0,13.0,138.0,49.0,0.0,0.0,0.0
5,1922,败者食dust,0.0,0.0,0.0,1.0,21.0,214.0,61.0,0.0,0.0,0.0
2,1923,可以去你问,1.0,8.0,1.0,0.0,1103.0,146.0,65.0,0.0,0.0,0.0
5,1924,修罗卍煞神,0.0,0.0,0.0,1.0,33.0,169.0,65.0,0.0,0.0,0.0
2,1925,阳光下一清盏,1.0,13.0,3.0,1.0,156.0,606.0,589.0,0.0,0.0,0.0
3,1926,你咋这么你为啥,0.0,0.0,0.0,0.0,104.0,59.0,4.0,0.0,0.0,0.0
4,1927,云幕遮_,1.0,27.0,4.0,0.0,70.0,2187.0,1376.0,0.0,0.0,0.0
3,1928,joy1959,1.0,5.0,1.0,0.0,188.0,761.0,3061.0,0.0,0.0,0.0
0,1929,杀疯的兔子,1.0,0.0,3.0,1.0,16.0,84.0,6.0,0.0,0.0,0.0
2,1930,有德79,1.0,21.0,0.0,1.0,24.0,400.0,116.0,0.0,0.0,0.0
1,1931,并非轰然落幕,0.0,0.0,0.0,0.0,14.0,668.0,9.0,0.0,0.0,1.0
2,1932,吉日晨良,1.0,18.0,5.0,1.0,70.0,12.0,86.0,0.0,0.0,0.0
5,1933,呆萌的Low狸,0.0,0.0,0.0,1.0,1.0,21.0,159.0,0.0,0.0,0.0
2,1934,FisherSilk,1.0,5.0,0.0,1.0,17.0,79.0,1285.0,0.0,0.0,0.0
1,1935,月色真美你真皮,0.0,0.0,0.0,1.0,8.0,405.0,180.0,0.0,0.0,0.0
0,1936,黄金粉皮鼠,1.0,4.0,1.0,1.0,34.0,60.0,1.0,0.0,0.0,0.0
4,1937,第二名太差,1.0,0.0,1.0,0.0,95.0,77.0,9.0,0.0,0.0,0.0
5,1938,萧舞,0.0,0.0,0.0,1.0,77.0,270.0,56.0,0.0,0.0,0.0
2,1939,PilotDog,1.0,6.0,0.0,1.0,2496.0,985.0,6325.0,0.0,0.0,0.0
0,1940,爱羽之殇,1.0,2.0,0.0,1.0,2.0,46.0,19.0,0.0,0.0,0.0
0,1941,土澳涛,1.0,44.0,11.0,1.0,32.0,148.0,32.0,0.0,0.0,0.0
4,1942,喜欢你的木乃伊,1.0,14.0,2.0,0.0,53.0,269.0,210.0,0.0,1.0,0.0
2,1943,手办狂魔嬴政等身赛高,1.0,5.0,0.0,1.0,26.0,209.0,420.0,0.0,0.0,0.0
0,1944,油北小岛,1.0,13.0,3.0,1.0,26.0,148.0,108.0,0.0,0.0,0.0
4,1945,非四字网友,1.0,3.0,0.0,0.0,32.0,301.0,327.0,0.0,0.0,0.0
0,1946,Tym沫源,1.0,6.0,0.0,1.0,44.0,206.0,115.0,0.0,0.0,0.0
2,1947,明眸皓月_,1.0,12.0,3.0,1.0,65.0,711.0,1309.0,0.0,0.0,0.0
0,1948,墨风小隔阁卍,1.0,28.0,7.0,1.0,47.0,56.0,5.0,0.0,0.0,0.0
0,1949,我是臭屁小子,1.0,7.0,0.0,1.0,187.0,828.0,2315.0,0.0,0.0,0.0
0,1950,LiJiaZheng0402,1.0,17.0,1.0,1.0,30.0,200.0,647.0,0.0,0.0,0.0
1,1951,哦呵呵呵呵呵呵呵呵呵哈,0.0,0.0,0.0,1.0,0.0,55.0,127.0,0.0,0.0,0.0
0,1952,LucidRoyd,1.0,21.0,2.0,1.0,91.0,212.0,201.0,0.0,0.0,0.0
0,1953,崎洛Kiro,1.0,2.0,0.0,1.0,147.0,773.0,2749.0,0.0,0.0,1.0
1,1954,浴沝木08144,0.0,0.0,0.0,1.0,0.0,42.0,0.0,0.0,0.0,0.0
2,1955,阿尔法雨果,1.0,0.0,4.0,1.0,13.0,77.0,507.0,0.0,0.0,0.0
5,1956,暖巷与鹿,0.0,0.0,0.0,1.0,10.0,108.0,3.0,0.0,0.0,0.0
4,1957,酱腌绯玉丸,1.0,5.0,3.0,0.0,3.0,128.0,4.0,0.0,0.0,0.0
2,1958,E1ectricChair,1.0,15.0,0.0,1.0,105.0,476.0,137.0,0.0,0.0,0.0
0,1959,海馬懶人_,1.0,8.0,1.0,1.0,167.0,1478.0,454.0,0.0,0.0,0.0
4,1960,是你老苏,0.0,0.0,0.0,0.0,427.0,590.0,4664.0,0.0,1.0,0.0
0,1961,Fashion你们不懂,1.0,27.0,10.0,1.0,76.0,537.0,967.0,0.0,1.0,0.0
4,1962,洛白才不告诉你白不白,0.0,0.0,0.0,0.0,55.0,483.0,91.0,0.0,0.0,0.0
5,1963,李老白他她弟,0.0,0.0,0.0,1.0,1.0,155.0,159.0,0.0,0.0,0.0
5,1964,丨Sakurain丨,0.0,0.0,0.0,1.0,26.0,25.0,2.0,0.0,0.0,0.0
0,1965,TioP缇欧,1.0,22.0,2.0,1.0,51.0,376.0,552.0,0.0,0.0,1.0
1,1966,PakerANd,0.0,0.0,0.0,1.0,51.0,113.0,8.0,0.0,0.0,0.0
1,1967,siazzz,0.0,0.0,0.0,1.0,213.0,459.0,976.0,0.0,0.0,0.0
5,1968,仿生奶盖会梦见电子拌饭嘛,0.0,0.0,0.0,1.0,31.0,206.0,1.0,0.0,0.0,0.0
5,1969,雨取红叶,0.0,0.0,0.0,1.0,13.0,72.0,24.0,0.0,0.0,0.0
2,1970,创pink,1.0,3.0,0.0,1.0,14.0,79.0,10.0,0.0,0.0,0.0
5,1971,啃啃手sssss,0.0,0.0,0.0,1.0,106.0,8.0,0.0,0.0,0.0,0.0
1,1972,霖岚夜色nice,0.0,0.0,0.0,1.0,28.0,214.0,136.0,0.0,0.0,0.0
5,1973,念穰,0.0,0.0,0.0,1.0,56.0,312.0,4.0,0.0,0.0,0.0
3,1974,鹿王鹿,0.0,0.0,0.0,1.0,261.0,1518.0,2758.0,0.0,0.0,0.0
0,1975,某堡颜值担当,1.0,7.0,1.0,1.0,30.0,70.0,45.0,0.0,0.0,0.0
1,1976,冷月ssrm,0.0,0.0,0.0,0.0,23.0,214.0,21.0,0.0,0.0,0.0
5,1977,小夏i22633,0.0,0.0,0.0,1.0,0.0,69.0,5.0,0.0,0.0,0.0
2,1978,乐乐君丶,1.0,5.0,4.0,1.0,218.0,177.0,3495.0,0.0,0.0,0.0
4,1979,抱紧我的憨,0.0,0.0,0.0,0.0,18.0,93.0,32.0,0.0,0.0,0.0
2,1980,枳酒星沉,1.0,12.0,0.0,1.0,120.0,328.0,750.0,0.0,0.0,0.0
5,1981,罗小黑本喵_,1.0,32.0,3.0,1.0,186.0,1642.0,12478.0,1.0,1.0,1.0
2,1982,Superboy_zxw,1.0,13.0,1.0,1.0,13.0,62.0,189.0,0.0,0.0,0.0
4,1983,Muuucho,0.0,0.0,0.0,0.0,21.0,88.0,0.0,0.0,0.0,0.0
2,1984,明归德,1.0,6.0,0.0,0.0,36.0,74.0,357.0,0.0,0.0,0.0
0,1985,忘千_Official,1.0,66.0,10.0,1.0,1250.0,720.0,7988.0,0.0,0.0,0.0
5,1986,清风听雨Zz,0.0,0.0,0.0,1.0,88.0,47.0,172.0,0.0,0.0,0.0
0,1987,_Fus_s,1.0,6.0,0.0,1.0,57.0,490.0,630.0,0.0,0.0,0.0
5,1988,西楼三千院,0.0,0.0,0.0,1.0,2.0,188.0,11.0,0.0,0.0,0.0
1,1989,HOOD丶,0.0,0.0,0.0,1.0,53.0,38.0,262.0,0.0,0.0,0.0
1,1990,侯富友1999,0.0,0.0,0.0,1.0,33.0,149.0,194.0,0.0,0.0,0.0
5,1991,冰别靠近18661,0.0,0.0,0.0,1.0,1.0,103.0,25.0,0.0,0.0,0.0
5,1992,YH残次品,0.0,0.0,0.0,1.0,7.0,45.0,9.0,0.0,0.0,0.0
0,1993,圣益君,1.0,4.0,0.0,1.0,38.0,92.0,353.0,0.0,0.0,0.0
1,1994,峰林地貌leon,0.0,0.0,0.0,1.0,29.0,38.0,2.0,0.0,0.0,0.0
1,1995,桐谷和人39467,0.0,0.0,0.0,1.0,13.0,23.0,6.0,0.0,0.0,0.0
5,1996,Dante_Link,0.0,0.0,0.0,1.0,3.0,35.0,6.0,0.0,0.0,0.0
3,1997,被宽恕的菜狗,1.0,23.0,1.0,0.0,48.0,423.0,1877.0,0.0,0.0,0.0
0,1998,好吧谁想试试,1.0,10.0,2.0,1.0,12.0,28.0,22.0,0.0,1.0,0.0
5,1999,普通Paranoia,0.0,0.0,0.0,1.0,5.0,13.0,7.0,0.0,0.0,0.0
2,2000,00icarus,1.0,7.0,0.0,0.0,173.0,1402.0,2805.0,0.0,0.0,0.0
2,2001,奶油苹果派,1.0,5.0,0.0,1.0,137.0,552.0,1086.0,0.0,0.0,0.0
1,2002,舵主先生风华正茂,0.0,0.0,0.0,1.0,5.0,73.0,3.0,0.0,0.0,0.0
2,2003,沢--,1.0,0.0,1.0,1.0,89.0,324.0,20.0,0.0,0.0,0.0
5,2004,LA-Ho,0.0,0.0,0.0,1.0,82.0,1651.0,0.0,0.0,0.0,0.0
5,2005,十年待秋,0.0,0.0,0.0,1.0,33.0,36.0,39.0,0.0,0.0,0.0
1,2006,喜欢吃番茄炒蛋丶,0.0,0.0,0.0,1.0,42.0,94.0,649.0,0.0,0.0,0.0
0,2007,破鱼PoYuu,1.0,49.0,11.0,1.0,238.0,609.0,243.0,0.0,0.0,0.0
5,2008,北贝95,0.0,0.0,0.0,1.0,11.0,90.0,280.0,0.0,0.0,0.0
3,2009,3dmun6Zfan,1.0,4.0,0.0,1.0,1166.0,63.0,8.0,0.0,0.0,0.0
3,2010,仓鼠王DYX,1.0,8.0,2.0,1.0,44.0,116.0,58.0,0.0,0.0,0.0
4,2011,此境之外,1.0,0.0,1.0,0.0,2.0,40.0,4.0,0.0,0.0,0.0
0,2012,安洁与庞,1.0,9.0,0.0,1.0,7.0,217.0,13.0,0.0,0.0,0.0
5,2013,zfsnmxn,0.0,0.0,0.0,1.0,133.0,157.0,131.0,0.0,0.0,0.0
4,2014,依芙鱼yuyuyu,0.0,0.0,0.0,0.0,0.0,186.0,1.0,0.0,0.0,0.0
0,2015,就叫饺子叭,1.0,26.0,0.0,1.0,728.0,252.0,946.0,0.0,0.0,0.0
5,2016,奇葩也是一朵花30965,0.0,0.0,0.0,1.0,30.0,272.0,38.0,0.0,0.0,0.0
2,2017,不会编曲的小菜月,1.0,18.0,4.0,1.0,39.0,154.0,222.0,0.0,0.0,0.0
2,2018,廖力康,1.0,4.0,1.0,1.0,177.0,264.0,1693.0,0.0,1.0,0.0
4,2019,nettaigyo熱帯魚,1.0,15.0,0.0,0.0,17.0,459.0,1520.0,0.0,0.0,0.0
1,2020,F1fte3novo,0.0,0.0,0.0,0.0,11.0,12.0,0.0,0.0,0.0,0.0
0,2021,采蘑菇的我是谁1234,1.0,5.0,0.0,1.0,9.0,18.0,57.0,0.0,0.0,0.0
1,2022,晴玖玥,0.0,0.0,0.0,1.0,177.0,381.0,225.0,0.0,0.0,0.0
1,2023,孤剑丶kkk,0.0,0.0,0.0,1.0,1.0,23.0,29.0,0.0,0.0,0.0
1,2024,想和小羊去吹风,0.0,0.0,0.0,1.0,42.0,434.0,109.0,0.0,0.0,0.0
2,2025,啊啵呲嘚叽嘁嘻,1.0,0.0,1.0,1.0,176.0,3024.0,356.0,0.0,0.0,0.0
3,2026,山水情缘花,0.0,0.0,0.0,0.0,801.0,4673.0,60041.0,0.0,0.0,0.0
1,2027,樱龙揩泪,0.0,0.0,0.0,1.0,8.0,20.0,8.0,0.0,0.0,0.0
3,2028,NeogrePrime,1.0,66.0,13.0,1.0,57.0,93.0,644.0,0.0,0.0,0.0
3,2029,勿念无餍,1.0,8.0,0.0,1.0,4.0,31.0,25.0,0.0,0.0,0.0
5,2030,lorahi,0.0,0.0,0.0,1.0,295.0,429.0,343.0,0.0,0.0,0.0
0,2031,利欧路Riolu,1.0,8.0,0.0,1.0,200.0,646.0,2160.0,0.0,0.0,0.0
1,2032,别给我再加关了,0.0,0.0,0.0,1.0,2.0,9.0,7.0,0.0,0.0,0.0
1,2033,Chiaki_14,0.0,0.0,0.0,1.0,4.0,139.0,320.0,0.0,0.0,0.0
5,2034,Chowsix,0.0,0.0,0.0,1.0,41.0,148.0,2.0,0.0,0.0,0.0
2,2035,凉风Youx1n,1.0,18.0,3.0,1.0,117.0,352.0,243.0,0.0,0.0,0.0
2,2036,饭圈孤儿集体暴毙,1.0,22.0,4.0,1.0,21.0,114.0,8.0,0.0,0.0,0.0
0,2037,小相欧皇,1.0,4.0,0.0,1.0,171.0,872.0,121.0,0.0,1.0,0.0
4,2038,绯羽绯葬,0.0,0.0,0.0,0.0,46.0,287.0,272.0,0.0,1.0,0.0
4,2039,让我睡吧我真的睡不够,1.0,10.0,0.0,0.0,216.0,662.0,6972.0,0.0,0.0,1.0
0,2040,悠幽唐人,1.0,4.0,0.0,1.0,20.0,226.0,17.0,0.0,0.0,0.0
2,2041,事彗茵,1.0,6.0,0.0,0.0,4738.0,957.0,2942.0,0.0,0.0,1.0
1,2042,墨灬淡,0.0,0.0,0.0,1.0,118.0,837.0,155.0,0.0,0.0,0.0
4,2043,好像喝奶茶,0.0,0.0,0.0,0.0,33.0,191.0,29.0,0.0,0.0,0.0
3,2044,喝一壶老酒酒,1.0,4.0,0.0,1.0,7.0,211.0,187.0,0.0,0.0,0.0
2,2045,春寒故梦,1.0,9.0,0.0,0.0,84.0,478.0,2.0,0.0,0.0,0.0
1,2046,宇宙无敌天下第一的帅狗,0.0,0.0,0.0,1.0,39.0,83.0,2.0,0.0,0.0,0.0
3,2047,刚好被讨厌的香辣酱,1.0,9.0,0.0,1.0,158.0,573.0,2086.0,0.0,0.0,0.0
0,2048,给的名真怪,0.0,0.0,0.0,1.0,0.0,94.0,66.0,0.0,1.0,0.0
5,2049,迈克sssss,0.0,0.0,0.0,1.0,1.0,102.0,2.0,0.0,0.0,0.0
2,2050,oo筋斗云,1.0,1.0,1.0,1.0,88.0,2227.0,171.0,0.0,0.0,0.0
0,2051,歯車Haguruma,1.0,7.0,0.0,1.0,127.0,131.0,208.0,0.0,0.0,0.0
5,2052,狮子专家服装店,0.0,0.0,0.0,1.0,0.0,13.0,4.0,0.0,0.0,0.0
5,2053,Accelerator40891,0.0,0.0,0.0,1.0,53.0,22.0,5.0,0.0,0.0,0.0
3,2054,默默路过的蓬蒿人,1.0,0.0,7.0,1.0,25.0,59.0,4.0,0.0,0.0,0.0
4,2055,生涯最大詛呪,1.0,20.0,4.0,0.0,0.0,88.0,41.0,0.0,1.0,0.0
4,2056,不喜欢兄弟那叫年轻人吗,1.0,34.0,4.0,0.0,101.0,391.0,2969.0,0.0,1.0,0.0
5,2057,瑾瑶慕暖弦,0.0,0.0,0.0,1.0,59.0,9.0,2.0,0.0,0.0,0.0
5,2058,随个12759,0.0,0.0,0.0,1.0,1.0,22.0,3.0,0.0,0.0,0.0
0,2059,飞翔湖南人,1.0,4.0,0.0,1.0,37.0,46.0,105.0,0.0,0.0,0.0
2,2060,雨蠢的雨,1.0,10.0,1.0,1.0,26.0,205.0,27.0,0.0,0.0,0.0
1,2061,神烦g916,0.0,0.0,0.0,1.0,61.0,92.0,43.0,0.0,0.0,0.0
5,2062,churches12,0.0,0.0,0.0,1.0,23.0,30.0,13.0,0.0,0.0,0.0
5,2063,UED-TERRAN,0.0,0.0,0.0,1.0,15.0,150.0,6.0,0.0,0.0,0.0
5,2064,阿杰杰杰杰杰丶,0.0,0.0,0.0,1.0,23.0,25.0,0.0,0.0,0.0,0.0
5,2065,玉笛褚,0.0,0.0,0.0,1.0,24.0,6.0,116.0,0.0,0.0,0.0
0,2066,Bili-AkiyamaMio,1.0,64.0,1.0,1.0,21.0,281.0,314.0,0.0,0.0,0.0
5,2067,暗金之鸦,0.0,0.0,0.0,1.0,61.0,24.0,0.0,0.0,0.0,0.0
0,2068,skytree百沫,1.0,14.0,0.0,1.0,54.0,36.0,9.0,0.0,0.0,0.0
1,2069,无辄gilenda_,1.0,9.0,2.0,1.0,149.0,7639.0,3918.0,0.0,0.0,1.0
2,2070,小猪君JoysonChu,1.0,12.0,0.0,1.0,1033.0,840.0,2519.0,0.0,0.0,0.0
2,2071,晓言EX,1.0,0.0,2.0,1.0,99.0,77.0,197.0,0.0,0.0,0.0
4,2072,天天向上也要天天开心,1.0,11.0,1.0,0.0,3990.0,813.0,16579.0,1.0,1.0,0.0
5,2073,庄鑫涵23839,0.0,0.0,0.0,1.0,0.0,143.0,5.0,0.0,0.0,0.0
0,2074,Lil1mi,1.0,8.0,1.0,1.0,166.0,146.0,185.0,0.0,0.0,0.0
2,2075,颜霞-旅游体验师,1.0,17.0,3.0,0.0,10531.0,441.0,292.0,0.0,0.0,1.0
5,2076,梓潇想有猫,0.0,0.0,0.0,1.0,160.0,326.0,78.0,0.0,0.0,0.0
3,2077,离马路,0.0,0.0,0.0,1.0,2.0,31.0,78.0,0.0,0.0,0.0
5,2078,从心的白泽,0.0,0.0,0.0,1.0,26.0,36.0,218.0,0.0,0.0,0.0
5,2079,ShangDie1,0.0,0.0,0.0,1.0,19.0,40.0,21.0,0.0,0.0,0.0
0,2080,thetimeofrun,1.0,7.0,0.0,1.0,27.0,98.0,161.0,0.0,0.0,0.0
5,2081,炯炯有神的盲果,0.0,0.0,0.0,1.0,20.0,24.0,3.0,0.0,0.0,0.0
0,2082,SZn98,1.0,2.0,1.0,1.0,65.0,94.0,31.0,0.0,0.0,0.0
1,2083,怪凉,0.0,0.0,0.0,0.0,79.0,1306.0,13472.0,0.0,0.0,0.0
5,2084,氪金境界,0.0,0.0,0.0,1.0,6.0,95.0,17.0,0.0,0.0,0.0
2,2085,德不不不奶,1.0,26.0,2.0,1.0,145.0,627.0,2943.0,0.0,0.0,0.0
5,2086,夏桐哦i,0.0,0.0,0.0,1.0,50.0,172.0,11.0,0.0,0.0,0.0
0,2087,UngIlRimOvO,1.0,5.0,0.0,1.0,28.0,34.0,6.0,0.0,0.0,0.0
3,2088,我来组成分子,1.0,5.0,0.0,1.0,19.0,224.0,2304.0,0.0,0.0,0.0
1,2089,杭电李相赫,0.0,0.0,0.0,1.0,37.0,150.0,16.0,0.0,0.0,0.0
5,2090,caijzt,0.0,0.0,0.0,1.0,2.0,6.0,2.0,0.0,0.0,0.0
2,2091,B站-miku桑,1.0,11.0,1.0,1.0,5.0,13.0,190.0,0.0,0.0,0.0
0,2092,话很多的AV男优,1.0,22.0,0.0,1.0,61.0,31.0,262.0,0.0,0.0,0.0
0,2093,夜宵研究所所长,1.0,33.0,8.0,1.0,602.0,936.0,5880.0,0.0,0.0,0.0
5,2094,月珩空,0.0,0.0,0.0,1.0,66.0,367.0,185.0,0.0,0.0,0.0
2,2095,假面马男,1.0,2.0,0.0,1.0,547.0,265.0,1277.0,0.0,0.0,1.0
5,2096,祥拓艺,0.0,0.0,0.0,1.0,2.0,33.0,57.0,0.0,1.0,0.0
0,2097,Allanpoe黑猫,1.0,4.0,0.0,1.0,13.0,44.0,10.0,0.0,0.0,0.0
4,2098,小羊小羊_sss,1.0,4.0,1.0,0.0,99.0,235.0,13.0,0.0,0.0,0.0
2,2099,祝你今天发大财,1.0,9.0,1.0,1.0,16.0,1244.0,178.0,0.0,1.0,0.0
1,2100,局外者动力羊,0.0,0.0,0.0,1.0,79.0,721.0,408.0,0.0,1.0,0.0
2,2101,岸边露全,1.0,6.0,0.0,0.0,8.0,123.0,187.0,0.0,0.0,0.0
2,2102,朗伯定律,1.0,7.0,9.0,0.0,57.0,58.0,349.0,0.0,0.0,0.0
0,2103,BambiiQ,1.0,8.0,0.0,1.0,89.0,349.0,6.0,0.0,0.0,0.0
5,2104,鸽鱼鸽,0.0,0.0,0.0,1.0,28.0,348.0,9718.0,0.0,0.0,0.0
1,2105,-Chariot,0.0,0.0,0.0,1.0,7.0,22.0,6.0,0.0,0.0,0.0
0,2106,二年坂的抹茶館,1.0,60.0,12.0,1.0,90.0,863.0,140.0,0.0,0.0,0.0
2,2107,风波无痕6071444488,1.0,4.0,0.0,1.0,315.0,1858.0,12734.0,1.0,0.0,0.0
3,2108,BiBYAk,1.0,7.0,0.0,0.0,62.0,3871.0,11142.0,0.0,0.0,0.0
5,2109,大侦探J,0.0,0.0,0.0,1.0,380.0,736.0,12448.0,0.0,0.0,0.0
5,2110,Satune00,0.0,0.0,0.0,1.0,17.0,175.0,11.0,0.0,0.0,0.0
5,2111,小吴今天赚钱了嘛,0.0,0.0,0.0,1.0,25.0,217.0,19.0,0.0,0.0,0.0
3,2112,耀夜姬sama,0.0,0.0,0.0,0.0,17.0,244.0,28.0,0.0,0.0,0.0
0,2113,温暖atatagai,1.0,3.0,7.0,1.0,8.0,29.0,2.0,0.0,0.0,0.0
4,2114,凯伊酱被爆破了,1.0,28.0,3.0,0.0,142.0,601.0,6038.0,0.0,0.0,0.0
5,2115,话叨不嗦,0.0,0.0,0.0,1.0,36.0,135.0,176.0,0.0,0.0,0.0
2,2116,太空报纸,1.0,2.0,0.0,1.0,45.0,151.0,79.0,0.0,0.0,0.0
2,2117,超级小康天下无敌,1.0,12.0,7.0,0.0,166.0,124.0,517.0,0.0,0.0,0.0
5,2118,好运小枣呀,0.0,0.0,0.0,1.0,118.0,474.0,680.0,0.0,0.0,0.0
5,2119,尬舞倾城,0.0,0.0,0.0,1.0,13.0,50.0,24.0,0.0,0.0,0.0
3,2120,qwqwq6084399922,0.0,0.0,0.0,1.0,12.0,122.0,10.0,0.0,0.0,0.0
0,2121,ps4apex英雄代练,1.0,4.0,0.0,1.0,49.0,137.0,21.0,0.0,0.0,0.0
5,2122,袁yy06119,0.0,0.0,0.0,1.0,8.0,106.0,19.0,0.0,0.0,0.0
2,2123,鱼人船,1.0,4.0,1.0,0.0,1.0,168.0,6568.0,0.0,0.0,0.0
0,2124,子瑜大大啊,1.0,4.0,0.0,1.0,2043.0,125.0,48.0,0.0,0.0,0.0
5,2125,命君行道,0.0,0.0,0.0,1.0,8.0,26.0,0.0,0.0,0.0,0.0
2,2126,夜貊月,1.0,26.0,3.0,0.0,26.0,54.0,4.0,0.0,0.0,0.0
0,2127,一口团子st,1.0,7.0,0.0,1.0,204.0,139.0,506.0,0.0,0.0,0.0
4,2128,心碎DVA,1.0,7.0,0.0,0.0,85.0,1025.0,1763.0,0.0,0.0,0.0
4,2129,热带雨林阿布大人,0.0,0.0,0.0,0.0,18.0,75.0,351.0,0.0,0.0,0.0
0,2130,土豆你个马铃薯o0,1.0,1.0,1.0,1.0,39.0,17.0,299.0,0.0,0.0,0.0
5,2131,流布布布布,0.0,0.0,0.0,1.0,7.0,64.0,179.0,0.0,0.0,0.0
4,2132,盛夏遲暮澤,1.0,30.0,3.0,0.0,49.0,323.0,564.0,0.0,1.0,1.0
1,2133,RodneyCw,0.0,0.0,0.0,1.0,38.0,184.0,24.0,0.0,0.0,0.0
3,2134,朝夜的光,0.0,0.0,0.0,1.0,18.0,35.0,51.0,0.0,0.0,0.0
0,2135,毕之BYF,1.0,10.0,0.0,1.0,43.0,219.0,0.0,0.0,0.0,0.0
4,2136,潼遊,1.0,4.0,7.0,0.0,31.0,60.0,23.0,0.0,0.0,0.0
5,2137,可乐君_10969,0.0,0.0,0.0,1.0,86.0,151.0,469.0,0.0,0.0,0.0
2,2138,嗯里漾,1.0,2.0,0.0,1.0,24.0,63.0,8.0,0.0,0.0,0.0
0,2139,风吹又日晒生活自由自在,1.0,10.0,1.0,1.0,123.0,212.0,28.0,0.0,0.0,0.0
2,2140,老岳岳-,1.0,22.0,0.0,1.0,227.0,1152.0,2274.0,0.0,0.0,0.0
3,2141,清池-旧梦,1.0,18.0,2.0,1.0,46.0,279.0,157.0,0.0,0.0,0.0
2,2142,为你著缨,1.0,4.0,0.0,1.0,17.0,240.0,37.0,0.0,0.0,0.0
5,2143,我喜欢尼娅还有大家,0.0,0.0,0.0,1.0,25.0,51.0,33.0,0.0,0.0,0.0
2,2144,如你安然,1.0,8.0,0.0,1.0,71.0,157.0,244.0,0.0,1.0,1.0
5,2145,别开腔_自己人,0.0,0.0,0.0,1.0,2.0,21.0,2.0,0.0,0.0,0.0
0,2146,全力生活的米爸,1.0,4.0,1.0,1.0,225.0,57.0,8561.0,0.0,0.0,0.0
1,2147,inheritor0V523,0.0,0.0,0.0,1.0,3.0,267.0,33.0,0.0,0.0,0.0
4,2148,Alyssa的糖果,1.0,6.0,13.0,0.0,8.0,55.0,93.0,0.0,1.0,0.0
5,2149,常在瑶心,0.0,0.0,0.0,1.0,10.0,202.0,67.0,0.0,0.0,0.0
0,2150,东黎c,1.0,34.0,4.0,1.0,4.0,127.0,362.0,0.0,0.0,0.0
0,2151,用户6120903860,1.0,0.0,3.0,1.0,83.0,84.0,1036.0,0.0,0.0,0.0
0,2152,Space_0dyessy,1.0,6.0,0.0,1.0,37.0,416.0,813.0,0.0,0.0,0.0
1,2153,每曰游戏,0.0,0.0,0.0,1.0,37.0,107.0,414.0,0.0,0.0,0.0
3,2154,GZrea丨,0.0,0.0,0.0,1.0,23.0,165.0,179.0,0.0,0.0,0.0
3,2155,终极鱿鱼香蕉牛奶象拔蚌,0.0,0.0,0.0,1.0,38.0,85.0,26.0,0.0,0.0,0.0
4,2156,顾北青烟寒,0.0,0.0,0.0,0.0,8.0,7.0,0.0,0.0,0.0,0.0
0,2157,M善泽吧,1.0,13.0,3.0,1.0,19.0,259.0,5.0,0.0,0.0,0.0
0,2158,秋刀青花鱼,1.0,6.0,0.0,1.0,11.0,527.0,1221.0,0.0,0.0,0.0
2,2159,快门回溯这首歌很好听x,1.0,8.0,0.0,0.0,293.0,918.0,17917.0,0.0,0.0,0.0
3,2160,在摩洛哥寻找乔治微微,0.0,0.0,0.0,1.0,32.0,154.0,1359.0,0.0,0.0,0.0
4,2161,车里雅宾斯克研究所官方,1.0,4.0,1.0,0.0,9035.0,2041.0,3256.0,0.0,0.0,1.0
5,2162,螺旋藻HZ,0.0,0.0,0.0,1.0,17.0,17.0,1.0,0.0,0.0,0.0
0,2163,姜阳升,1.0,26.0,5.0,1.0,77.0,126.0,815.0,0.0,0.0,0.0
5,2164,无双的cake,0.0,0.0,0.0,1.0,1.0,31.0,8.0,0.0,0.0,0.0
5,2165,又懒又丑还自我感觉良好的死傲娇,0.0,0.0,0.0,1.0,1.0,31.0,24.0,0.0,0.0,1.0
0,2166,U-N-1,1.0,0.0,3.0,1.0,96.0,233.0,168.0,0.0,0.0,0.0
2,2167,继续我的征程,1.0,10.0,0.0,1.0,42.0,27.0,15.0,0.0,0.0,0.0
5,2168,小猪佩奇配不起,0.0,0.0,0.0,1.0,63.0,270.0,26.0,0.0,0.0,0.0
0,2169,兔兔谈谈,1.0,21.0,1.0,1.0,3.0,42.0,27.0,0.0,0.0,0.0
2,2170,原神忠粉,1.0,6.0,7.0,1.0,1.0,249.0,23.0,0.0,0.0,0.0
2,2171,ulastering,1.0,7.0,1.0,1.0,0.0,43.0,554.0,0.0,0.0,0.0
1,2172,马切洛洛洛洛洛,0.0,0.0,0.0,1.0,38.0,204.0,0.0,0.0,0.0,0.0
1,2173,挽柩,0.0,0.0,0.0,1.0,7.0,12.0,24.0,0.0,0.0,0.0
1,2174,青橘子夕颜,0.0,0.0,0.0,1.0,69.0,379.0,412.0,0.0,0.0,0.0
2,2175,米丸miv,1.0,13.0,3.0,1.0,87.0,175.0,739.0,0.0,0.0,0.0
5,2176,阿西墨夫,0.0,0.0,0.0,1.0,522.0,584.0,273.0,0.0,0.0,0.0
5,2177,什么样的昵称算可用,0.0,0.0,0.0,1.0,25.0,285.0,65.0,0.0,0.0,0.0
1,2178,神威无敌本子教教主,0.0,0.0,0.0,1.0,5.0,26.0,31.0,0.0,0.0,0.0
5,2179,毕业生24164,0.0,0.0,0.0,1.0,8.0,40.0,3.0,0.0,0.0,0.0
1,2180,看大猫喵喵喵,0.0,0.0,0.0,0.0,22.0,157.0,166.0,0.0,0.0,0.0
5,2181,讨人嫌的小白,0.0,0.0,0.0,1.0,1.0,14.0,6.0,0.0,0.0,0.0
5,2182,r1selrt,0.0,0.0,0.0,1.0,9.0,189.0,10.0,0.0,0.0,0.0
5,2183,用户6178590069,0.0,0.0,0.0,1.0,18.0,97.0,35.0,0.0,0.0,0.0
0,2184,想要一直开心真的是太难了,1.0,10.0,1.0,1.0,141.0,65.0,707.0,0.0,0.0,0.0
2,2185,大Diu儿,1.0,4.0,0.0,0.0,46.0,627.0,1160.0,0.0,0.0,0.0
1,2186,瑹龍芸影,0.0,0.0,0.0,1.0,22.0,196.0,75.0,0.0,0.0,0.0
3,2187,38号关系不能控,0.0,0.0,0.0,0.0,98.0,1199.0,2594.0,0.0,0.0,0.0
2,2188,里川糖,1.0,8.0,0.0,1.0,32.0,62.0,862.0,0.0,0.0,0.0
2,2189,Epilogue_RA9,1.0,14.0,2.0,1.0,136.0,1381.0,2704.0,0.0,0.0,0.0
5,2190,幼刀叢雨酱70301,0.0,0.0,0.0,1.0,32.0,157.0,209.0,0.0,0.0,0.0
5,2191,嘉然仙贝,0.0,0.0,0.0,1.0,18.0,84.0,0.0,0.0,0.0,0.0
1,2192,Zh40q14NcheN,0.0,0.0,0.0,1.0,33.0,48.0,54.0,0.0,0.0,0.0
5,2193,xxxSickoxxx,0.0,0.0,0.0,1.0,20.0,8.0,11.0,0.0,0.0,0.0
0,2194,梦世一生,1.0,18.0,0.0,1.0,26.0,62.0,116.0,0.0,0.0,0.0
1,2195,assassin乂,0.0,0.0,0.0,1.0,0.0,66.0,1.0,0.0,0.0,0.0
0,2196,凝泪成觞,1.0,10.0,2.0,1.0,1.0,36.0,90.0,0.0,0.0,0.0
2,2197,道枝一树,1.0,8.0,2.0,1.0,180.0,140.0,620.0,0.0,0.0,1.0
2,2198,任天堂switch俱乐部,1.0,49.0,6.0,0.0,15729.0,119.0,823.0,0.0,0.0,0.0
5,2199,绘魔贱,0.0,0.0,0.0,1.0,19.0,210.0,8.0,0.0,0.0,0.0
4,2200,兔纸今天能摸到鱼吗,1.0,19.0,3.0,0.0,105.0,352.0,3369.0,0.0,1.0,1.0
2,2201,miaopa1,1.0,2.0,0.0,1.0,5.0,267.0,28.0,0.0,0.0,0.0
5,2202,elpsyvam,0.0,0.0,0.0,1.0,51.0,168.0,56.0,0.0,0.0,0.0
3,2203,lovepeacemusic1314,1.0,14.0,0.0,1.0,175.0,2396.0,1786.0,0.0,0.0,0.0
0,2204,落鲸遗年,1.0,1.0,1.0,1.0,30.0,514.0,58.0,0.0,0.0,0.0
4,2205,氧浓空想体,1.0,39.0,9.0,0.0,693.0,2098.0,8032.0,0.0,0.0,1.0
0,2206,HeiyanKRS,1.0,48.0,12.0,1.0,28.0,79.0,51.0,0.0,0.0,0.0
5,2207,随和的农铭010,0.0,0.0,0.0,1.0,0.0,63.0,0.0,0.0,0.0,0.0
2,2208,别说了蚌埠住了,1.0,8.0,0.0,1.0,71.0,1439.0,1004.0,0.0,0.0,1.0
4,2209,NintendoSwitch俱乐部,1.0,13.0,0.0,0.0,12632.0,119.0,173.0,0.0,0.0,0.0
3,2210,报于桃花,0.0,0.0,0.0,1.0,117.0,428.0,35.0,0.0,0.0,0.0
1,2211,Leotmo,0.0,0.0,0.0,0.0,68.0,883.0,12559.0,0.0,0.0,0.0
1,2212,50还没到,0.0,0.0,0.0,1.0,24.0,229.0,40.0,0.0,0.0,0.0
1,2213,野良良良猫,0.0,0.0,0.0,0.0,5.0,148.0,1421.0,0.0,0.0,0.0
2,2214,劳拉Candy糖糖,1.0,15.0,1.0,0.0,452.0,4916.0,78423.0,0.0,0.0,0.0
5,2215,君名42427,0.0,0.0,0.0,1.0,1.0,93.0,3.0,0.0,0.0,0.0
5,2216,FFFa玲,0.0,0.0,0.0,1.0,59.0,153.0,27.0,0.0,0.0,0.0
0,2217,原罪硬肝学者,1.0,7.0,0.0,1.0,0.0,68.0,117.0,0.0,0.0,0.0
4,2218,乔乔的麋鹿,1.0,10.0,1.0,0.0,156775.0,592.0,475.0,1.0,0.0,1.0
1,2219,月亮上的银杏树,0.0,0.0,0.0,0.0,127.0,98.0,1.0,0.0,0.0,0.0
0,2220,北原滝,1.0,4.0,0.0,1.0,11.0,696.0,4.0,0.0,0.0,0.0
1,2221,urmehing,0.0,0.0,0.0,1.0,2.0,4.0,10.0,0.0,0.0,0.0
5,2222,斗鱼大明星梦想,0.0,0.0,0.0,1.0,24.0,111.0,12.0,0.0,0.0,0.0
5,2223,Zier-_-,0.0,0.0,0.0,0.0,35.0,621.0,54.0,0.0,0.0,0.0
2,2224,让你看到肥宅我很抱歉,1.0,33.0,6.0,1.0,53.0,137.0,1048.0,0.0,0.0,0.0
1,2225,此时还在磨刀,0.0,0.0,0.0,1.0,10.0,114.0,48.0,0.0,1.0,0.0
2,2226,负电拍拍w,1.0,3.0,0.0,0.0,508.0,1280.0,4604.0,0.0,0.0,1.0
1,2227,papapa肥猫,0.0,0.0,0.0,1.0,44.0,46.0,1.0,0.0,0.0,0.0
1,2228,猪吃海参,0.0,0.0,0.0,1.0,36.0,149.0,111.0,0.0,0.0,0.0
5,2229,黑麒麒,0.0,0.0,0.0,1.0,45.0,162.0,24.0,0.0,0.0,0.0
5,2230,make_96,0.0,0.0,0.0,1.0,6.0,150.0,0.0,0.0,0.0,0.0
2,2231,糊涂玖,1.0,9.0,0.0,0.0,75.0,751.0,480.0,0.0,0.0,0.0
5,2232,零渊无渊愿,0.0,0.0,0.0,1.0,7.0,7.0,4.0,0.0,0.0,0.0
5,2233,sirsirssirr,0.0,0.0,0.0,1.0,1.0,187.0,4.0,0.0,0.0,0.0
4,2234,苹果丝蒂安Appristian,1.0,67.0,9.0,0.0,260.0,277.0,6815.0,0.0,0.0,1.0
5,2235,小透明菜叶心,0.0,0.0,0.0,1.0,8.0,20.0,9.0,0.0,0.0,0.0
0,2236,爵士天神老布,1.0,26.0,3.0,1.0,313.0,3482.0,3369.0,0.0,0.0,0.0
2,2237,能猫七千,1.0,7.0,0.0,1.0,2057.0,123.0,32.0,0.0,0.0,0.0
0,2238,狂小鑫OvO,1.0,4.0,0.0,1.0,38.0,256.0,32.0,0.0,0.0,0.0
2,2239,冰皮酥,1.0,7.0,0.0,0.0,37.0,411.0,283.0,0.0,0.0,0.0
5,2240,ok啦桑不啦批泡,0.0,0.0,0.0,1.0,121.0,86.0,93.0,0.0,0.0,0.0
2,2241,Primal_wildness,1.0,8.0,0.0,1.0,38.0,65.0,69.0,0.0,0.0,0.0
1,2242,夜浊无归路tt,0.0,0.0,0.0,1.0,23.0,37.0,11.0,0.0,0.0,0.0
1,2243,QQ08097,0.0,0.0,0.0,1.0,12.0,300.0,9.0,0.0,0.0,0.0
5,2244,白色豹IIA7,0.0,0.0,0.0,1.0,15.0,31.0,25.0,0.0,0.0,0.0
1,2245,百花未缭乱,0.0,0.0,0.0,1.0,48.0,163.0,201.0,0.0,0.0,0.0
2,2246,FE教大V影,1.0,7.0,0.0,1.0,22.0,82.0,112.0,0.0,0.0,0.0
3,2247,有栖川橙子,1.0,10.0,7.0,0.0,5459.0,1274.0,8828.0,0.0,0.0,1.0
5,2248,神道天穹,0.0,0.0,0.0,1.0,3.0,8.0,4.0,0.0,0.0,0.0
4,2249,咕王永不服输,1.0,31.0,6.0,0.0,2942.0,1205.0,1196.0,0.0,0.0,0.0
2,2250,__完形填空,1.0,23.0,3.0,0.0,191.0,256.0,301.0,0.0,0.0,1.0
2,2251,给你一个滑稽,1.0,7.0,0.0,1.0,76.0,413.0,538.0,0.0,0.0,0.0
5,2252,故事里的小黄花on,0.0,0.0,0.0,1.0,118.0,797.0,173.0,0.0,0.0,0.0
1,2253,BloodAshen,0.0,0.0,0.0,1.0,8.0,17.0,44.0,0.0,0.0,0.0
2,2254,大河境36187,1.0,2.0,3.0,1.0,27.0,17.0,22.0,0.0,0.0,0.0
2,2255,苟豁,1.0,25.0,0.0,1.0,43.0,303.0,1.0,0.0,0.0,0.0
3,2256,Jx188170708,0.0,0.0,0.0,0.0,36.0,216.0,319.0,0.0,0.0,0.0
5,2257,璃喵82740,0.0,0.0,0.0,1.0,0.0,15.0,2.0,0.0,0.0,0.0
1,2258,369TLzbS,0.0,0.0,0.0,1.0,7.0,58.0,67.0,0.0,0.0,0.0
0,2259,一般摸鱼选手,1.0,4.0,0.0,1.0,83.0,351.0,1519.0,0.0,0.0,0.0
4,2260,三粒鸥,1.0,3.0,0.0,1.0,106.0,702.0,2743.0,0.0,1.0,1.0
4,2261,chlanan,1.0,15.0,0.0,0.0,22.0,432.0,459.0,0.0,0.0,0.0
3,2262,倾城恋怀,0.0,0.0,0.0,1.0,32.0,436.0,58.0,0.0,0.0,0.0
2,2263,是香音酱哦,1.0,11.0,0.0,1.0,47.0,348.0,144.0,0.0,0.0,0.0
5,2264,风眠VIA,0.0,0.0,0.0,1.0,157.0,389.0,746.0,0.0,0.0,0.0
5,2265,杍翛,0.0,0.0,0.0,1.0,2.0,8.0,0.0,0.0,0.0,0.0
3,2266,青春纪念12138,0.0,0.0,0.0,1.0,1.0,73.0,0.0,0.0,0.0,0.0
0,2267,Silvercrown丶银冠,1.0,4.0,14.0,1.0,19.0,52.0,103.0,0.0,1.0,0.0
1,2268,鸩约QwQ,0.0,0.0,0.0,1.0,1.0,43.0,2.0,0.0,0.0,0.0
3,2269,Lineisbusy,1.0,8.0,1.0,1.0,93.0,533.0,468.0,0.0,0.0,0.0
2,2270,金属古菌,1.0,7.0,0.0,1.0,115.0,991.0,3836.0,0.0,0.0,0.0
5,2271,晨夌,0.0,0.0,0.0,1.0,52.0,42.0,8.0,0.0,0.0,0.0
5,2272,希儿呐xy,0.0,0.0,0.0,1.0,14.0,141.0,15.0,0.0,0.0,0.0
1,2273,君勿笑775,0.0,0.0,0.0,1.0,2.0,29.0,0.0,0.0,0.0,0.0
5,2274,c1145323,0.0,0.0,0.0,1.0,6.0,50.0,123.0,0.0,0.0,0.0
0,2275,最喜欢大家了呢,1.0,7.0,0.0,1.0,6.0,157.0,78.0,0.0,0.0,0.0
4,2276,Tawil-at_Umr,0.0,0.0,0.0,0.0,1.0,71.0,27.0,0.0,0.0,0.0
1,2277,嗜血重矛,0.0,0.0,0.0,1.0,0.0,12.0,25.0,0.0,0.0,0.0
1,2278,寒亭秋水,0.0,0.0,0.0,1.0,0.0,27.0,15.0,0.0,0.0,0.0
1,2279,如若不见丶亦不念-20649,0.0,0.0,0.0,1.0,6.0,145.0,56.0,0.0,0.0,0.0
5,2280,monster与生活,0.0,0.0,0.0,1.0,9.0,138.0,14.0,0.0,0.0,0.0
1,2281,白竹sugarbbb,0.0,0.0,0.0,1.0,9.0,92.0,4.0,0.0,0.0,0.0
5,2282,jdjdj6327195968,0.0,0.0,0.0,1.0,2.0,94.0,14.0,0.0,0.0,0.0
0,2283,龙武文A,1.0,4.0,1.0,1.0,34.0,193.0,47.0,0.0,0.0,0.0
5,2284,老馬只是某许人,0.0,0.0,0.0,1.0,0.0,80.0,5.0,0.0,0.0,0.0
0,2285,小羊戈登,1.0,6.0,0.0,1.0,129.0,190.0,6922.0,0.0,0.0,0.0
0,2286,虚空冲锋,1.0,15.0,5.0,1.0,3.0,164.0,12.0,0.0,0.0,0.0
2,2287,一袋米要抗几楼1袋米要抗2楼,1.0,7.0,0.0,1.0,246.0,2068.0,517.0,0.0,0.0,0.0
2,2288,D罗l,1.0,0.0,2.0,1.0,132.0,1623.0,440.0,0.0,0.0,0.0
5,2289,装甲空母胜利,0.0,0.0,0.0,1.0,33.0,439.0,772.0,0.0,0.0,0.0
1,2290,_秋天的童话-,0.0,0.0,0.0,1.0,222.0,1764.0,472.0,0.0,0.0,0.0
2,2291,l昵称不可用lll,1.0,1.0,0.0,1.0,137.0,1779.0,455.0,0.0,0.0,0.0
4,2292,鋼之月面宙反,1.0,13.0,2.0,0.0,50.0,298.0,34.0,0.0,0.0,0.0
5,2293,洛斯里克的活尸,0.0,0.0,0.0,1.0,20.0,186.0,4.0,0.0,0.0,0.0
3,2294,天都幽兰,1.0,13.0,0.0,0.0,153.0,125.0,2615.0,0.0,0.0,0.0
0,2295,东京最慢传说被毒死的土豆服务器,1.0,8.0,0.0,1.0,4.0,109.0,32.0,0.0,0.0,0.0
0,2296,艾薰-艾拉拉拉链,1.0,1.0,0.0,1.0,13.0,112.0,158.0,0.0,0.0,0.0
2,2297,热带雨林Ambition,1.0,23.0,1.0,1.0,480.0,233.0,349.0,0.0,0.0,0.0
4,2298,-3Jane,1.0,7.0,0.0,0.0,63.0,360.0,1259.0,0.0,0.0,0.0
1,2299,水中焰火hdjdh,0.0,0.0,0.0,1.0,66.0,296.0,1862.0,0.0,0.0,0.0
0,2300,竹蜻蜓QaQ,1.0,7.0,1.0,1.0,15.0,12.0,5.0,0.0,0.0,0.0
1,2301,223星人63546,0.0,0.0,0.0,1.0,0.0,104.0,17.0,0.0,0.0,0.0
1,2302,工乀丂,0.0,0.0,0.0,1.0,4.0,82.0,29.0,0.0,0.0,0.0
1,2303,Tyonosuke,0.0,0.0,0.0,1.0,1057.0,47.0,1.0,0.0,0.0,0.0
2,2304,无以言语的弱,1.0,21.0,2.0,1.0,41.0,102.0,29.0,0.0,0.0,0.0
5,2305,潇章至极,0.0,0.0,0.0,1.0,13.0,198.0,277.0,0.0,0.0,0.0
5,2306,好帅的沉沦啊,0.0,0.0,0.0,1.0,2.0,83.0,0.0,0.0,0.0,0.0
4,2307,假装路过灬暗中观察,1.0,9.0,3.0,0.0,87.0,53.0,1248.0,0.0,0.0,0.0
4,2308,冷了70626,0.0,0.0,0.0,0.0,0.0,25.0,2.0,0.0,0.0,0.0
0,2309,修勾凰凰,1.0,13.0,2.0,1.0,10.0,56.0,9.0,0.0,0.0,0.0
0,2310,你比我胖哦,1.0,3.0,1.0,1.0,17.0,37.0,48.0,0.0,0.0,0.0
0,2311,Kio_ka,1.0,3.0,1.0,1.0,5.0,76.0,8.0,0.0,0.0,0.0
1,2312,为你守候53017,0.0,0.0,0.0,1.0,0.0,43.0,114.0,0.0,1.0,0.0
1,2313,一天一百小时93406,0.0,0.0,0.0,1.0,20.0,94.0,22.0,0.0,0.0,0.0
0,2314,轰隆隆的乌云啊,1.0,2.0,0.0,1.0,62.0,493.0,109.0,0.0,0.0,0.0
1,2315,HIROsss,0.0,0.0,0.0,1.0,106.0,475.0,582.0,0.0,0.0,0.0
0,2316,我也希望这里有阳光,1.0,14.0,0.0,1.0,63.0,299.0,2024.0,0.0,0.0,0.0
2,2317,撕了一个葱,1.0,10.0,0.0,0.0,439.0,1000.0,1554.0,0.0,0.0,0.0
2,2318,寒汐影SaKura,1.0,15.0,2.0,1.0,13.0,20.0,46.0,0.0,0.0,0.0
4,2319,--曦目--,1.0,23.0,6.0,0.0,147.0,307.0,4838.0,0.0,0.0,0.0
5,2320,祈---s,0.0,0.0,0.0,1.0,6.0,124.0,14.0,0.0,0.0,0.0
5,2321,秀翻全场的痛经室女,0.0,0.0,0.0,1.0,16.0,71.0,393.0,0.0,0.0,0.0
4,2322,bingo4665,0.0,0.0,0.0,0.0,11.0,91.0,16.0,0.0,0.0,0.0
1,2323,丿皮丘不是皮球,0.0,0.0,0.0,1.0,0.0,23.0,0.0,0.0,0.0,0.0
2,2324,Alttaboo,1.0,10.0,0.0,1.0,1.0,29.0,12.0,0.0,0.0,0.0
5,2325,Jerrylan一直在,0.0,0.0,0.0,1.0,64.0,880.0,0.0,0.0,0.0,0.0
3,2326,满岛黑黑黑,1.0,6.0,1.0,1.0,5.0,71.0,10.0,0.0,0.0,0.0
2,2327,北辰妖龙,1.0,14.0,2.0,1.0,9.0,150.0,80.0,0.0,0.0,0.0
5,2328,MYLOLIK,0.0,0.0,0.0,1.0,8.0,96.0,0.0,0.0,0.0,0.0
5,2329,心事说给影子听_20210,0.0,0.0,0.0,1.0,10.0,13.0,0.0,0.0,0.0,0.0
1,2330,木木的啦a,0.0,0.0,0.0,1.0,2.0,96.0,8.0,0.0,0.0,0.0
0,2331,漫游REN888,1.0,2.0,0.0,1.0,22.0,210.0,12.0,0.0,0.0,0.0
0,2332,坏查理,1.0,4.0,0.0,1.0,65.0,291.0,11.0,0.0,0.0,0.0
0,2333,御坂10028号,1.0,5.0,0.0,1.0,32.0,281.0,134.0,0.0,0.0,0.0
4,2334,沐北零,1.0,10.0,1.0,0.0,1.0,13.0,32.0,0.0,0.0,0.0
2,2335,任豚的爹,1.0,5.0,0.0,1.0,1.0,482.0,10.0,0.0,0.0,0.0
0,2336,阿桑奇求武器,1.0,6.0,0.0,1.0,87.0,391.0,747.0,0.0,0.0,0.0
5,2337,梦幻卡多希,0.0,0.0,0.0,1.0,1.0,111.0,1.0,0.0,0.0,0.0
4,2338,伊卡洛斯-天空女神,0.0,0.0,0.0,0.0,1.0,100.0,30.0,0.0,0.0,0.0
5,2339,商蓝999,0.0,0.0,0.0,1.0,13.0,386.0,828.0,0.0,0.0,0.0
2,2340,红豆泥红豆泥,1.0,7.0,1.0,0.0,54.0,131.0,0.0,0.0,0.0,0.0
4,2341,藤原特海,1.0,8.0,2.0,0.0,38.0,107.0,1087.0,0.0,0.0,1.0
1,2342,Terry_1231,0.0,0.0,0.0,1.0,16.0,70.0,5.0,0.0,0.0,0.0
2,2343,诶原来是你喔,1.0,8.0,1.0,0.0,46.0,429.0,7941.0,0.0,0.0,0.0
5,2344,雪染00000,0.0,0.0,0.0,1.0,1.0,33.0,27.0,0.0,0.0,0.0
5,2345,雪原月,0.0,0.0,0.0,1.0,0.0,19.0,6.0,0.0,0.0,0.0
1,2346,我可是会打响指的,0.0,0.0,0.0,1.0,147.0,585.0,869.0,0.0,0.0,0.0
5,2347,炫彩雪豹,0.0,0.0,0.0,1.0,6.0,13.0,0.0,0.0,0.0,0.0
2,2348,六十九岁纯情男高,1.0,12.0,0.0,1.0,80.0,71.0,67.0,0.0,0.0,1.0
3,2349,啪la啪la芃,0.0,0.0,0.0,1.0,7.0,69.0,157.0,0.0,0.0,0.0
2,2350,香芋西米露加椰奶,1.0,4.0,1.0,1.0,66.0,496.0,1040.0,0.0,0.0,0.0
4,2351,6410046023_517,0.0,0.0,0.0,0.0,15.0,327.0,1.0,0.0,0.0,0.0
0,2352,cccBui,1.0,4.0,2.0,1.0,28.0,75.0,263.0,0.0,0.0,0.0
0,2353,释王权,1.0,4.0,0.0,1.0,15.0,205.0,9.0,0.0,0.0,0.0
4,2354,狼眼D,0.0,0.0,0.0,0.0,9.0,27.0,20.0,0.0,0.0,0.0
3,2355,老年人刚通网,0.0,0.0,0.0,1.0,6.0,675.0,0.0,0.0,0.0,0.0
2,2356,粉虹小甜甜,1.0,14.0,0.0,0.0,74.0,167.0,6456.0,0.0,0.0,0.0
2,2357,配角_1900,1.0,10.0,0.0,1.0,5.0,15.0,14.0,0.0,0.0,0.0
5,2358,Ltiwx,0.0,0.0,0.0,1.0,0.0,61.0,57.0,0.0,0.0,0.0
1,2359,月下55555,0.0,0.0,0.0,1.0,0.0,83.0,11.0,0.0,0.0,0.0
5,2360,织哦哟哟哟,0.0,0.0,0.0,1.0,0.0,4.0,2.0,0.0,0.0,0.0
5,2361,为什么不能叫大鬼呢,0.0,0.0,0.0,1.0,0.0,20.0,41.0,0.0,0.0,0.0
3,2362,今天逗逗光烙印了吗,1.0,6.0,0.0,0.0,48.0,948.0,4867.0,0.0,0.0,0.0
2,2363,愣天堂嫩天堂,1.0,28.0,4.0,1.0,31.0,219.0,15.0,0.0,0.0,0.0
1,2364,嚻嚻94746,0.0,0.0,0.0,1.0,3.0,46.0,36.0,0.0,0.0,0.0
2,2365,愚笨海豚IRUKA,1.0,31.0,4.0,1.0,31.0,306.0,4894.0,0.0,0.0,0.0
4,2366,唯爱绝殤,0.0,0.0,0.0,0.0,0.0,37.0,12.0,0.0,0.0,0.0
0,2367,相卜命厨,1.0,1.0,1.0,1.0,22.0,175.0,3849.0,0.0,1.0,0.0
1,2368,明镜止水Clearmind,0.0,0.0,0.0,1.0,3.0,183.0,7.0,0.0,0.0,0.0
1,2369,oDanco,0.0,0.0,0.0,0.0,15.0,444.0,19.0,0.0,0.0,0.0
3,2370,十香Princess2018,0.0,0.0,0.0,0.0,1.0,34.0,23.0,0.0,0.0,0.0
5,2371,MAZXKL,0.0,0.0,0.0,1.0,29.0,393.0,172.0,0.0,0.0,0.0
2,2372,木一旦小,1.0,12.0,1.0,1.0,150.0,772.0,4533.0,0.0,0.0,0.0
3,2373,我不是你的可爱吗,0.0,0.0,0.0,1.0,57.0,402.0,264.0,0.0,0.0,0.0
5,2374,-iLan,0.0,0.0,0.0,1.0,0.0,31.0,5.0,0.0,0.0,0.0
1,2375,当当喜欢麦当当,0.0,0.0,0.0,1.0,3.0,44.0,11.0,0.0,0.0,0.0
2,2376,灏帅,1.0,7.0,0.0,1.0,41.0,211.0,252.0,0.0,0.0,0.0
4,2377,阿钛锅,1.0,4.0,0.0,0.0,5.0,27.0,1.0,0.0,0.0,0.0
2,2378,鱼古墓,1.0,7.0,0.0,1.0,1.0,91.0,1.0,0.0,0.0,0.0
0,2379,林克林,1.0,10.0,0.0,1.0,29.0,60.0,6.0,0.0,0.0,0.0
4,2380,沈阳窦唯,1.0,4.0,0.0,0.0,1191.0,2132.0,406.0,0.0,0.0,0.0
2,2381,蓝发赤瞳绫波厨,1.0,11.0,0.0,1.0,1435.0,345.0,7767.0,1.0,0.0,0.0
5,2382,网恋被骗700万,0.0,0.0,0.0,1.0,47.0,305.0,75.0,0.0,0.0,0.0
3,2383,我什么时候能遇到心软的财神爷,1.0,9.0,1.0,0.0,424.0,4957.0,41959.0,0.0,0.0,0.0
5,2384,哇咔咔201811,0.0,0.0,0.0,1.0,0.0,64.0,7.0,0.0,0.0,0.0
0,2385,Sldanc_冷怯,1.0,6.0,0.0,1.0,1174.0,308.0,156.0,0.0,0.0,1.0
4,2386,一只小理智e,1.0,5.0,0.0,0.0,42.0,51.0,638.0,0.0,0.0,0.0
5,2387,厨余残渣,1.0,14.0,3.0,1.0,115.0,524.0,54.0,0.0,0.0,0.0
0,2388,迷世的风,1.0,20.0,0.0,1.0,22.0,458.0,606.0,0.0,0.0,0.0
1,2389,RI小成,0.0,0.0,0.0,1.0,109.0,394.0,35.0,0.0,0.0,0.0
1,2390,窝跌,0.0,0.0,0.0,1.0,0.0,34.0,1.0,0.0,0.0,0.0
2,2391,灰色情感的我,1.0,6.0,0.0,1.0,13.0,76.0,18.0,0.0,0.0,0.0
5,2392,仙御月,0.0,0.0,0.0,1.0,0.0,36.0,55.0,0.0,0.0,0.0
0,2393,公子伏虎,1.0,15.0,1.0,1.0,1276.0,157.0,5.0,0.0,0.0,0.0
5,2394,vocaloid丶亚北,0.0,0.0,0.0,1.0,8.0,79.0,16.0,0.0,0.0,0.0
1,2395,轻氪金的游民,0.0,0.0,0.0,1.0,25.0,221.0,2.0,0.0,0.0,0.0
2,2396,奈奈被吃了,1.0,6.0,7.0,0.0,2.0,27.0,5.0,0.0,0.0,0.0
0,2397,猫某人f,1.0,4.0,0.0,1.0,80.0,115.0,1.0,0.0,0.0,0.0
5,2398,MignonNeiafu,0.0,0.0,0.0,1.0,0.0,183.0,232.0,0.0,0.0,0.0
4,2399,十玄子,0.0,0.0,0.0,0.0,39.0,2.0,0.0,0.0,0.0,0.0
0,2400,嘬一口南瓜粥,1.0,3.0,0.0,1.0,215.0,161.0,10.0,0.0,0.0,0.0
1,2401,摸鱼摸鱼快摸鱼567,0.0,0.0,0.0,1.0,83.0,941.0,936.0,0.0,0.0,0.0
5,2402,NS-木匣,0.0,0.0,0.0,1.0,5.0,74.0,30.0,0.0,0.0,0.0
5,2403,宇哥的狗粉丝,0.0,0.0,0.0,1.0,7.0,335.0,15.0,0.0,0.0,0.0
5,2404,zzdisld,0.0,0.0,0.0,1.0,0.0,2.0,6.0,0.0,0.0,0.0
5,2405,雨奈OS,0.0,0.0,0.0,1.0,2.0,7.0,223.0,0.0,0.0,0.0
5,2406,花少北屹立在水坑之中,0.0,0.0,0.0,1.0,8.0,45.0,21.0,0.0,0.0,0.0
4,2407,小玖玖玖丶,1.0,7.0,0.0,0.0,226.0,971.0,385.0,0.0,0.0,0.0
0,2408,四方的日常,1.0,6.0,0.0,1.0,96.0,390.0,3665.0,0.0,0.0,0.0
2,2409,oO土豆泥O,1.0,0.0,4.0,1.0,134.0,590.0,55.0,0.0,0.0,0.0
0,2410,人上人下人上人下人,1.0,8.0,1.0,1.0,18.0,263.0,858.0,0.0,0.0,0.0
2,2411,阿熊爱吃瓜,1.0,11.0,6.0,0.0,116.0,273.0,860.0,0.0,0.0,0.0
2,2412,登总的猫要叫仙贝,1.0,9.0,2.0,0.0,192.0,506.0,12243.0,0.0,0.0,1.0
2,2413,今天想吃椒盐蘑菇,1.0,8.0,1.0,1.0,3.0,29.0,841.0,0.0,0.0,0.0
1,2414,昵晤,0.0,0.0,0.0,1.0,5.0,10.0,44.0,0.0,0.0,0.0
5,2415,为你依蓝,0.0,0.0,0.0,1.0,0.0,17.0,1.0,0.0,0.0,0.0
0,2416,6大文豪6,1.0,5.0,1.0,1.0,0.0,18.0,4.0,0.0,0.0,0.0
1,2417,废萌GhoRab,0.0,0.0,0.0,1.0,19.0,116.0,344.0,0.0,0.0,0.0
0,2418,Aiuo2018,1.0,4.0,0.0,1.0,0.0,39.0,0.0,0.0,0.0,0.0
0,2419,魔幻星球人,1.0,8.0,1.0,1.0,38.0,64.0,845.0,0.0,0.0,0.0
3,2420,职嘛开花节节高,1.0,9.0,1.0,0.0,589.0,4998.0,113649.0,0.0,1.0,0.0
4,2421,水无抈流歌,1.0,9.0,0.0,0.0,167.0,1044.0,4167.0,0.0,0.0,0.0
5,2422,洁哥不要啊,0.0,0.0,0.0,1.0,36.0,100.0,20.0,0.0,0.0,0.0
2,2423,Aeakoy,1.0,12.0,2.0,1.0,262.0,974.0,2418.0,1.0,0.0,1.0
5,2424,你可拉倒吧的家,0.0,0.0,0.0,1.0,2.0,76.0,24.0,0.0,0.0,0.0
5,2425,RaonLeee,0.0,0.0,0.0,1.0,37.0,69.0,8.0,0.0,0.0,0.0
5,2426,千鸟一二三,0.0,0.0,0.0,1.0,0.0,126.0,3.0,0.0,0.0,0.0
0,2427,万能播放z,1.0,4.0,0.0,1.0,67.0,757.0,20016.0,0.0,0.0,0.0
4,2428,亦小欲,1.0,8.0,1.0,0.0,2.0,10.0,11.0,0.0,0.0,0.0
5,2429,司徒夙愿,0.0,0.0,0.0,1.0,0.0,64.0,2.0,0.0,0.0,0.0
1,2430,Oscar33whh,0.0,0.0,0.0,1.0,73.0,821.0,24.0,0.0,0.0,0.0
4,2431,-豬咪日記-,1.0,16.0,4.0,0.0,527.0,701.0,13409.0,0.0,1.0,1.0
4,2432,樱下尸骨,0.0,0.0,0.0,0.0,20.0,126.0,10.0,0.0,0.0,0.0
2,2433,Silence214ce,1.0,5.0,1.0,1.0,38.0,254.0,413.0,0.0,0.0,0.0
1,2434,天天天天文学,0.0,0.0,0.0,1.0,0.0,24.0,0.0,0.0,0.0,0.0
2,2435,淐馮,1.0,8.0,1.0,1.0,0.0,4.0,9.0,0.0,0.0,0.0
2,2436,离涯眦,1.0,8.0,1.0,1.0,2.0,44.0,16.0,0.0,0.0,0.0
1,2437,半音18,0.0,0.0,0.0,0.0,2.0,35.0,98.0,0.0,0.0,0.0
1,2438,青槐大大,0.0,0.0,0.0,1.0,1.0,49.0,504.0,0.0,0.0,0.0
0,2439,越共探头的小黑子,1.0,16.0,3.0,1.0,35.0,456.0,1401.0,0.0,0.0,0.0
5,2440,少爷哦舍特,0.0,0.0,0.0,1.0,0.0,228.0,63.0,0.0,0.0,0.0
3,2441,大美丽的小锦鲤,1.0,5.0,0.0,0.0,249.0,5180.0,110662.0,0.0,0.0,0.0
5,2442,月虫L月蚀,0.0,0.0,0.0,1.0,0.0,43.0,0.0,0.0,0.0,0.0
5,2443,迷花物语X,0.0,0.0,0.0,1.0,1.0,31.0,15.0,0.0,0.0,0.0
3,2444,那无法触摸之人,0.0,0.0,0.0,1.0,2.0,117.0,7.0,0.0,0.0,0.0
2,2445,AmiK_Y,1.0,4.0,0.0,1.0,0.0,57.0,4.0,0.0,0.0,0.0
5,2446,led川4,0.0,0.0,0.0,1.0,27.0,130.0,26.0,0.0,0.0,0.0
2,2447,马蹄轩,1.0,19.0,2.0,1.0,4.0,98.0,54.0,0.0,0.0,0.0
5,2448,活的2018,0.0,0.0,0.0,1.0,10.0,152.0,57.0,0.0,0.0,0.0
5,2449,君道殇,0.0,0.0,0.0,1.0,16.0,399.0,46.0,0.0,0.0,0.0
4,2450,aicevhy,0.0,0.0,0.0,0.0,0.0,18.0,0.0,0.0,0.0,0.0
5,2451,莱伊德,0.0,0.0,0.0,1.0,22.0,87.0,114.0,0.0,0.0,0.0
0,2452,你怎么可以吃猪肉,1.0,14.0,2.0,1.0,54.0,80.0,73.0,0.0,0.0,0.0
5,2453,胜利_属于伊泽瑞尔,0.0,0.0,0.0,1.0,1.0,43.0,4.0,0.0,0.0,0.0
1,2454,越来越可爱的Moe,0.0,0.0,0.0,0.0,7.0,47.0,70.0,0.0,0.0,0.0
5,2455,虎爪吃咖啡布丁,0.0,0.0,0.0,1.0,4.0,27.0,73.0,0.0,0.0,0.0
1,2456,葱花不开花,0.0,0.0,0.0,1.0,161.0,128.0,52.0,0.0,0.0,0.0
3,2457,乖乖宝宝一枚,1.0,0.0,1.0,0.0,459.0,4951.0,86375.0,0.0,0.0,0.0
0,2458,乐酷烤鱼Lucky,1.0,4.0,0.0,1.0,57.0,167.0,1078.0,0.0,0.0,0.0
5,2459,番小毛,0.0,0.0,0.0,1.0,6.0,54.0,2.0,0.0,0.0,0.0
5,2460,道士下山泡尼姑,0.0,0.0,0.0,1.0,1.0,4.0,4.0,0.0,0.0,0.0
5,2461,梦回05249,0.0,0.0,0.0,1.0,4.0,72.0,99.0,0.0,0.0,0.0
4,2462,鹤顶孔雀胆,1.0,14.0,2.0,0.0,49.0,330.0,89.0,0.0,1.0,0.0
2,2463,最近有点撩频,1.0,8.0,1.0,1.0,4.0,29.0,2.0,0.0,0.0,0.0
4,2464,虾滑好吃happy,0.0,0.0,0.0,0.0,2.0,14.0,378.0,0.0,0.0,0.0
5,2465,八涩诶居湄惹,0.0,0.0,0.0,1.0,15.0,140.0,261.0,0.0,0.0,0.0
0,2466,山月常新,1.0,29.0,1.0,1.0,13.0,264.0,26.0,0.0,0.0,0.0
1,2467,喵喵鱼干君,0.0,0.0,0.0,1.0,3.0,67.0,45.0,0.0,0.0,0.0
5,2468,我爱皮皮瑜,0.0,0.0,0.0,1.0,0.0,1.0,0.0,0.0,0.0,0.0
5,2469,丿醉影78765,0.0,0.0,0.0,1.0,4.0,77.0,31.0,0.0,0.0,0.0
3,2470,三千路云月73629,0.0,0.0,0.0,1.0,5.0,102.0,22.0,0.0,0.0,0.0
1,2471,银鹭与零食,0.0,0.0,0.0,1.0,3.0,20.0,6.0,0.0,0.0,0.0
4,2472,网友牙飞飞,1.0,11.0,0.0,0.0,197.0,1450.0,13415.0,0.0,0.0,1.0
5,2473,逢坂英14380,0.0,0.0,0.0,1.0,1.0,150.0,4.0,0.0,0.0,0.0
2,2474,远时ver,1.0,9.0,0.0,0.0,6.0,143.0,104.0,0.0,0.0,0.0
5,2475,inxxk236,0.0,0.0,0.0,1.0,59.0,795.0,385.0,0.0,0.0,0.0
5,2476,任地域,1.0,42.0,6.0,1.0,162648.0,85.0,10452.0,1.0,0.0,1.0
1,2477,Pancras_Loe盧鵬州,0.0,0.0,0.0,1.0,99.0,95.0,174.0,0.0,0.0,0.0
3,2478,itharius-,1.0,1.0,0.0,1.0,45.0,67.0,183.0,0.0,0.0,0.0
2,2479,琥珀h7p9,1.0,5.0,0.0,1.0,0.0,4.0,0.0,0.0,0.0,0.0
1,2480,YZM27368,0.0,0.0,0.0,1.0,11.0,232.0,13.0,0.0,0.0,0.0
5,2481,熬屠漫aole,0.0,0.0,0.0,1.0,19.0,411.0,426.0,0.0,0.0,0.0
1,2482,kono元宵哒,0.0,0.0,0.0,1.0,2.0,138.0,31.0,0.0,0.0,0.0
0,2483,林焕_然一新,1.0,19.0,0.0,1.0,116.0,522.0,501.0,0.0,0.0,0.0
0,2484,澜言heir,1.0,14.0,1.0,1.0,1.0,28.0,4.0,0.0,0.0,0.0
5,2485,青羽凝华_,0.0,0.0,0.0,1.0,20.0,199.0,7432.0,0.0,0.0,0.0
2,2486,凉尽初夏h,1.0,8.0,1.0,1.0,0.0,10.0,6.0,0.0,0.0,0.0
0,2487,康师傅养生面,1.0,10.0,1.0,1.0,1.0,33.0,2.0,0.0,0.0,0.0
2,2488,元气燃烧卡路里,1.0,4.0,1.0,0.0,36.0,322.0,2163.0,0.0,0.0,0.0
2,2489,江小伟W,1.0,8.0,4.0,0.0,99.0,314.0,990.0,0.0,0.0,1.0
1,2490,阿卡狄亚半岛,0.0,0.0,0.0,1.0,0.0,26.0,136.0,0.0,0.0,0.0
5,2491,龙炎花火,0.0,0.0,0.0,1.0,12.0,83.0,32.0,0.0,0.0,0.0
5,2492,路障桑,0.0,0.0,0.0,1.0,3.0,57.0,32.0,0.0,0.0,0.0
0,2493,玄幻天米,1.0,12.0,1.0,1.0,3.0,83.0,294.0,0.0,0.0,0.0
5,2494,为何你的笑百度搜不到lirb,0.0,0.0,0.0,1.0,0.0,36.0,7.0,0.0,0.0,0.0
5,2495,红火恍恍呼呼,0.0,0.0,0.0,1.0,183.0,3198.0,41.0,0.0,0.0,0.0
5,2496,满舰饰v,0.0,0.0,0.0,1.0,1.0,46.0,3.0,0.0,0.0,0.0
0,2497,万肝之王EDTA,1.0,10.0,3.0,1.0,8.0,55.0,73.0,0.0,0.0,0.0
1,2498,猎默人,0.0,0.0,0.0,1.0,177.0,11.0,535.0,0.0,0.0,0.0
1,2499,只活到二零二零年十二月三十一日,0.0,0.0,0.0,0.0,34.0,2370.0,2606.0,0.0,0.0,1.0
0,2500,本壹,1.0,12.0,0.0,1.0,3043.0,442.0,185.0,0.0,0.0,1.0
5,2501,张涌楷12049,0.0,0.0,0.0,1.0,0.0,8.0,6.0,0.0,0.0,0.0
2,2502,穷苦人63,1.0,4.0,0.0,0.0,33.0,314.0,2437.0,0.0,0.0,0.0
5,2503,TachibanaMunashige39973,0.0,0.0,0.0,1.0,4.0,97.0,24.0,0.0,0.0,0.0
5,2504,羽生三未,1.0,31.0,3.0,0.0,376712.0,1125.0,10496.0,1.0,0.0,1.0
4,2505,切捨y,1.0,25.0,1.0,0.0,149.0,727.0,3572.0,0.0,0.0,1.0
0,2506,创世界AP57017,1.0,11.0,0.0,1.0,4.0,93.0,17.0,0.0,0.0,0.0
2,2507,陈长生的剑,1.0,11.0,0.0,1.0,49.0,1220.0,452.0,0.0,0.0,0.0
4,2508,亿个糖果,1.0,32.0,4.0,0.0,19.0,175.0,143.0,0.0,1.0,0.0
1,2509,若如初见29626,0.0,0.0,0.0,1.0,1.0,95.0,10.0,0.0,0.0,0.0
0,2510,这是个本子花,1.0,2.0,0.0,1.0,10.0,96.0,366.0,0.0,0.0,0.0
5,2511,嘤嘤嘤怪的天下,0.0,0.0,0.0,1.0,3.0,18.0,19.0,0.0,0.0,0.0
5,2512,炉石号被盗求328东山再起,0.0,0.0,0.0,1.0,0.0,31.0,3.0,0.0,0.0,0.0
5,2513,枫之叶语I,0.0,0.0,0.0,1.0,0.0,19.0,19.0,0.0,0.0,0.0
5,2514,血腥来袭2018,0.0,0.0,0.0,1.0,4.0,81.0,78.0,0.0,0.0,0.0
1,2515,爹回吼毁,0.0,0.0,0.0,1.0,0.0,133.0,206.0,0.0,1.0,0.0
5,2516,樱岛麻衣厨丶,0.0,0.0,0.0,0.0,33.0,108.0,175.0,0.0,0.0,0.0
5,2517,恶魔面包201807,0.0,0.0,0.0,1.0,37.0,42.0,93.0,0.0,0.0,0.0
1,2518,江西若一医药科技有限公司,0.0,0.0,0.0,0.0,34.0,40.0,104.0,1.0,0.0,0.0
5,2519,时光前往的彼方41438,0.0,0.0,0.0,1.0,1.0,101.0,4.0,0.0,0.0,0.0
4,2520,一个巍峨的用户,0.0,0.0,0.0,0.0,0.0,78.0,13.0,0.0,0.0,0.0
1,2521,有毒的茶茶,0.0,0.0,0.0,1.0,1.0,30.0,2.0,0.0,0.0,0.0
1,2522,王赵刚12138,0.0,0.0,0.0,1.0,7.0,119.0,32.0,0.0,0.0,0.0
4,2523,KAFCI,0.0,0.0,0.0,0.0,3.0,31.0,56.0,0.0,0.0,0.0
2,2524,Mushroom扯,1.0,12.0,0.0,1.0,989.0,422.0,110.0,0.0,0.0,0.0
5,2525,执伞斩雨,0.0,0.0,0.0,1.0,8.0,24.0,8.0,0.0,0.0,0.0
4,2526,萧啊萧y,0.0,0.0,0.0,0.0,18.0,152.0,344.0,0.0,1.0,0.0
1,2527,老阔疼66962,0.0,0.0,0.0,1.0,1.0,14.0,4.0,0.0,0.0,0.0
5,2528,Kehan_Zhang,0.0,0.0,0.0,1.0,2.0,28.0,14.0,0.0,0.0,0.0
4,2529,冬了个大逝,0.0,0.0,0.0,0.0,54.0,302.0,107.0,0.0,0.0,0.0
5,2530,用户6629913103,0.0,0.0,0.0,1.0,3.0,230.0,1.0,0.0,0.0,0.0
4,2531,今天就是讲究人,0.0,0.0,0.0,0.0,74.0,135.0,643.0,0.0,0.0,0.0
5,2532,CHANNEER,1.0,5.0,0.0,1.0,8.0,20.0,21.0,0.0,0.0,0.0
0,2533,白羊莮,1.0,4.0,0.0,1.0,4.0,117.0,177.0,0.0,0.0,0.0
4,2534,秋庭玲奈,1.0,21.0,4.0,0.0,38.0,360.0,5119.0,0.0,0.0,0.0
2,2535,QUARTZ2017,1.0,9.0,2.0,0.0,180.0,1475.0,42.0,0.0,0.0,0.0
1,2536,CrazyFordreams82853,0.0,0.0,0.0,1.0,0.0,12.0,7.0,0.0,1.0,0.0
5,2537,some丶mo,0.0,0.0,0.0,1.0,16.0,65.0,15.0,0.0,0.0,0.0
4,2538,shark赛高,0.0,0.0,0.0,0.0,0.0,14.0,37.0,0.0,0.0,0.0
0,2539,寒凉夜梦,1.0,12.0,0.0,1.0,2.0,25.0,34.0,0.0,0.0,0.0
1,2540,jkdkdndmy,0.0,0.0,0.0,1.0,31.0,85.0,0.0,0.0,0.0,0.0
5,2541,景安upup,0.0,0.0,0.0,1.0,7.0,129.0,117.0,0.0,0.0,0.0
5,2542,超级尧宝,0.0,0.0,0.0,1.0,7.0,21.0,6.0,0.0,0.0,0.0
5,2543,一身肝的兔,0.0,0.0,0.0,1.0,0.0,20.0,8.0,0.0,0.0,0.0
5,2544,零梦依晨,0.0,0.0,0.0,1.0,8.0,21.0,6.0,0.0,0.0,0.0
0,2545,猪屁味冬瓜茶,1.0,2.0,0.0,1.0,15.0,30.0,0.0,0.0,0.0,0.0
0,2546,HDSKG,1.0,8.0,1.0,1.0,2.0,12.0,160.0,0.0,1.0,0.0
2,2547,纸杯020,1.0,5.0,0.0,1.0,1.0,59.0,6.0,0.0,0.0,0.0
4,2548,任天堂宇宙第一,0.0,0.0,0.0,0.0,4.0,92.0,379.0,0.0,0.0,0.0
5,2549,Ahtaler,0.0,0.0,0.0,1.0,1.0,121.0,51.0,0.0,0.0,0.0
5,2550,-MilkTeatime-,0.0,0.0,0.0,1.0,4.0,2.0,2.0,0.0,0.0,0.0
0,2551,包卷小寻子,1.0,20.0,0.0,1.0,1.0,4.0,5.0,0.0,0.0,0.0
0,2552,星殇不悔,1.0,8.0,1.0,1.0,0.0,0.0,624.0,0.0,0.0,0.0
1,2553,当中二病遇到文与艺,0.0,0.0,0.0,1.0,18.0,100.0,878.0,0.0,0.0,0.0
0,2554,陈元早,1.0,10.0,0.0,1.0,3.0,45.0,7.0,0.0,0.0,0.0
4,2555,NS尼娅,1.0,9.0,1.0,0.0,112.0,70.0,104.0,0.0,0.0,0.0
5,2556,_吃货萌萌哒_,0.0,0.0,0.0,1.0,12.0,40.0,3.0,0.0,0.0,0.0
2,2557,阿圆圆崽,1.0,5.0,0.0,0.0,341.0,141.0,361.0,0.0,0.0,1.0
3,2558,殇璃51089,0.0,0.0,0.0,1.0,1.0,128.0,6.0,0.0,0.0,0.0
0,2559,请主动隔离14天,1.0,14.0,3.0,1.0,71.0,519.0,1031.0,0.0,0.0,0.0
2,2560,第一个号被云吞了,1.0,30.0,2.0,0.0,139.0,1252.0,27780.0,0.0,0.0,1.0
1,2561,初时雨花落时,0.0,0.0,0.0,1.0,33.0,13.0,45.0,0.0,0.0,0.0
1,2562,Heyiiul,0.0,0.0,0.0,1.0,0.0,154.0,0.0,0.0,0.0,0.0
1,2563,狭缝中的光芒,0.0,0.0,0.0,1.0,2.0,56.0,13.0,0.0,0.0,0.0
1,2564,八戒独爱美人,0.0,0.0,0.0,1.0,1.0,9.0,8.0,0.0,0.0,0.0
0,2565,在逃叉烧,1.0,0.0,0.0,1.0,276.0,680.0,344.0,0.0,0.0,0.0
0,2566,明明就是你OvO,1.0,3.0,0.0,1.0,44.0,223.0,215.0,0.0,0.0,0.0
4,2567,昨晚月光很美,0.0,0.0,0.0,0.0,878.0,946.0,12.0,0.0,0.0,0.0
4,2568,呦西呦YUki,1.0,57.0,10.0,0.0,20.0,816.0,827.0,0.0,1.0,0.0
4,2569,曦焕腻,0.0,0.0,0.0,0.0,0.0,89.0,0.0,0.0,0.0,0.0
1,2570,HZQJSL,0.0,0.0,0.0,0.0,17.0,387.0,0.0,0.0,0.0,0.0
2,2571,芋头夹有幸福,1.0,4.0,0.0,0.0,416.0,4888.0,61593.0,0.0,0.0,0.0
2,2572,冬川azusa,1.0,11.0,0.0,0.0,228.0,356.0,774.0,0.0,0.0,1.0
5,2573,你这样是要像全国人民谢罪的,0.0,0.0,0.0,1.0,0.0,42.0,0.0,0.0,0.0,0.0
0,2574,藤丸仙贝,1.0,26.0,2.0,1.0,149.0,85.0,81.0,0.0,0.0,0.0
5,2575,OK禁烟OK,0.0,0.0,0.0,1.0,14.0,75.0,20.0,0.0,0.0,0.0
5,2576,XNBY_墨白,0.0,0.0,0.0,1.0,0.0,55.0,12.0,0.0,0.0,0.0
2,2577,薛定谔的摸鱼佬,1.0,3.0,0.0,1.0,7.0,117.0,1196.0,0.0,0.0,0.0
2,2578,湖工软件工程1802班团支部,1.0,3.0,0.0,1.0,56.0,13.0,51.0,0.0,0.0,0.0
0,2579,黑黑大氣功,1.0,6.0,0.0,1.0,350.0,505.0,14254.0,0.0,0.0,0.0
3,2580,我好像重生啊啊啊,1.0,6.0,0.0,1.0,157.0,5008.0,14516.0,0.0,0.0,0.0
5,2581,FallingSternenstaub30637,0.0,0.0,0.0,1.0,2.0,10.0,5.0,0.0,0.0,0.0
3,2582,桃小桃-Hestia,1.0,7.0,1.0,0.0,32.0,166.0,25.0,0.0,0.0,0.0
5,2583,凉宫呆唯,0.0,0.0,0.0,1.0,19.0,117.0,17.0,0.0,0.0,0.0
2,2584,焦糖海盐啊,1.0,8.0,1.0,0.0,142.0,1546.0,30.0,0.0,0.0,0.0
4,2585,那云真白蓝真天,1.0,3.0,0.0,0.0,4.0,97.0,82.0,0.0,0.0,0.0
2,2586,湛宫_Mmdpue,1.0,10.0,1.0,1.0,145.0,44.0,1648.0,0.0,0.0,0.0
5,2587,Wlop_ooA,0.0,0.0,0.0,1.0,0.0,47.0,12.0,0.0,0.0,0.0
1,2588,甪人卍,0.0,0.0,0.0,1.0,0.0,25.0,3.0,0.0,0.0,0.0
4,2589,墨色鹤望兰,0.0,0.0,0.0,0.0,3.0,327.0,20.0,0.0,0.0,0.0
4,2590,雨奈鸣响,1.0,0.0,7.0,0.0,20.0,1180.0,89.0,0.0,0.0,0.0
1,2591,宇智波派大60573,0.0,0.0,0.0,1.0,1.0,10.0,2.0,0.0,0.0,0.0
2,2592,盲点发现了花生,1.0,18.0,1.0,1.0,12.0,13.0,23.0,0.0,0.0,0.0
1,2593,冰红猹猹猹,0.0,0.0,0.0,1.0,0.0,189.0,1.0,0.0,0.0,0.0
5,2594,万里的追寻者41043,0.0,0.0,0.0,1.0,4.0,28.0,70.0,0.0,0.0,0.0
1,2595,残月SongYT,0.0,0.0,0.0,1.0,4.0,194.0,85.0,0.0,0.0,0.0
4,2596,让我无法抗拒的一次旅行,1.0,14.0,10.0,0.0,203.0,5019.0,33870.0,0.0,0.0,0.0
4,2597,凄凄惨惨戚戚年年朝朝暮暮,1.0,8.0,4.0,0.0,355.0,7950.0,30916.0,0.0,0.0,0.0
0,2598,惭渊,1.0,6.0,0.0,1.0,5.0,8.0,14.0,0.0,0.0,0.0
5,2599,若翎飞又忘了密码,0.0,0.0,0.0,1.0,8.0,293.0,155.0,0.0,0.0,0.0
2,2600,一班萌萌哒嘴嘟嘟的幼崽,1.0,10.0,37.0,0.0,376.0,8650.0,34918.0,0.0,0.0,0.0
3,2601,香菜跑了,0.0,0.0,0.0,0.0,324.0,2791.0,2178.0,0.0,0.0,0.0
3,2602,时间拉津斯基,0.0,0.0,0.0,1.0,40.0,80.0,4.0,0.0,0.0,0.0
3,2603,正月十五不圆吾宵,0.0,0.0,0.0,0.0,329.0,3147.0,22559.0,0.0,0.0,0.0
4,2604,nyaru_nekora,1.0,3.0,0.0,0.0,50.0,138.0,128.0,0.0,0.0,0.0
3,2605,Jessie是条女汉纸,0.0,0.0,0.0,0.0,1507.0,4546.0,26062.0,0.0,0.0,0.0
5,2606,元梦星,0.0,0.0,0.0,1.0,1.0,371.0,26.0,0.0,0.0,0.0
5,2607,嚛嗣嚛,0.0,0.0,0.0,1.0,0.0,11.0,4.0,0.0,0.0,0.0
4,2608,沙雕乌龙茶茶,1.0,9.0,0.0,0.0,2.0,220.0,101.0,0.0,0.0,0.0
5,2609,假面之月,0.0,0.0,0.0,1.0,0.0,66.0,69.0,0.0,0.0,0.0
1,2610,小温迪的哥哥,0.0,0.0,0.0,1.0,0.0,70.0,6.0,0.0,0.0,0.0
2,2611,魏酒酒酒,1.0,4.0,0.0,0.0,17.0,1889.0,895.0,0.0,0.0,0.0
2,2612,来自榆次的白先生,1.0,8.0,0.0,1.0,26.0,496.0,10.0,0.0,0.0,1.0
0,2613,道途老皮,1.0,1.0,1.0,1.0,110.0,561.0,475.0,0.0,0.0,0.0
3,2614,潇潇雪_,1.0,14.0,2.0,0.0,32.0,195.0,130.0,0.0,0.0,0.0
0,2615,温迪大人没有在摸鱼,1.0,18.0,1.0,1.0,13.0,273.0,142.0,0.0,0.0,0.0
0,2616,某某某某某不知名艺术家,1.0,8.0,0.0,1.0,301.0,1981.0,5954.0,0.0,0.0,0.0
5,2617,雪还在下70541,0.0,0.0,0.0,1.0,17.0,231.0,160.0,0.0,0.0,0.0
1,2618,tangjiahua26344,0.0,0.0,0.0,1.0,2.0,22.0,6.0,0.0,0.0,0.0
0,2619,阴气阴湿阴险少女,1.0,5.0,0.0,1.0,0.0,121.0,55.0,0.0,0.0,0.0
2,2620,入箱庭,1.0,5.0,1.0,1.0,92.0,430.0,59.0,0.0,0.0,0.0
2,2621,Yisanamisuyao_,1.0,4.0,0.0,1.0,5.0,8.0,103.0,0.0,0.0,0.0
3,2622,葬剑亡谷,1.0,6.0,0.0,1.0,21.0,221.0,654.0,0.0,0.0,0.0
0,2623,黑曜石柠檬,1.0,17.0,2.0,1.0,3.0,131.0,5.0,0.0,0.0,0.0
2,2624,开个小号挺二次元,1.0,4.0,1.0,0.0,9.0,58.0,6.0,0.0,0.0,0.0
2,2625,春风拂面夜色正浓,1.0,6.0,0.0,1.0,187.0,4533.0,9411.0,0.0,0.0,0.0
5,2626,迷眼鳴,0.0,0.0,0.0,1.0,6.0,169.0,67.0,0.0,0.0,0.0
0,2627,芳华绝代明日香,1.0,30.0,3.0,1.0,215.0,607.0,5799.0,0.0,0.0,0.0
4,2628,动森Bot河蟹君,1.0,7.0,0.0,0.0,477763.0,80.0,5441.0,0.0,0.0,0.0
1,2629,元首的胖次00658,0.0,0.0,0.0,1.0,0.0,99.0,0.0,0.0,0.0,0.0
0,2630,吃胖的逗逼,1.0,11.0,3.0,1.0,5.0,11.0,1.0,0.0,0.0,0.0
3,2631,小宝宝无敌了,1.0,2.0,0.0,0.0,60.0,3642.0,10549.0,0.0,0.0,0.0
0,2632,是草草鸭ya,1.0,11.0,0.0,1.0,11.0,56.0,226.0,0.0,0.0,0.0
5,2633,比赤色更红,0.0,0.0,0.0,1.0,4.0,65.0,101.0,0.0,0.0,0.0
5,2634,拥抱世界37808,0.0,0.0,0.0,1.0,1.0,87.0,2.0,0.0,0.0,0.0
5,2635,要不要和我扳手腕81282,0.0,0.0,0.0,1.0,0.0,79.0,4.0,0.0,0.0,0.0
0,2636,Zjxdrrrr,1.0,8.0,0.0,1.0,5.0,196.0,81.0,0.0,0.0,0.0
2,2637,世界任务完成了吗,1.0,7.0,0.0,1.0,30.0,22.0,5.0,0.0,0.0,0.0
5,2638,伪装成锦鲤的咸鱼77664,0.0,0.0,0.0,1.0,4.0,162.0,108.0,0.0,0.0,0.0
5,2639,瓶踏沧澜,0.0,0.0,0.0,1.0,0.0,14.0,8.0,0.0,0.0,0.0
1,2640,M醉梦16026,0.0,0.0,0.0,1.0,1.0,20.0,1.0,0.0,0.0,0.0
4,2641,白水染,0.0,0.0,0.0,0.0,0.0,32.0,83.0,0.0,0.0,0.0
2,2642,kiuta-i,1.0,12.0,1.0,0.0,0.0,16.0,26.0,0.0,0.0,0.0
1,2643,fandoge1,0.0,0.0,0.0,1.0,3.0,442.0,152.0,0.0,0.0,0.0
0,2644,鮣鱼大佬,1.0,10.0,1.0,1.0,44.0,48.0,4.0,0.0,0.0,0.0
5,2645,sven1207,0.0,0.0,0.0,1.0,5.0,103.0,27.0,0.0,0.0,0.0
3,2646,不知名赌狗,0.0,0.0,0.0,1.0,59.0,4385.0,12698.0,0.0,0.0,0.0
2,2647,导演猴和自精猴,1.0,7.0,0.0,1.0,95.0,564.0,4201.0,0.0,0.0,0.0
5,2648,非洲雷姆,0.0,0.0,0.0,1.0,0.0,62.0,18.0,0.0,0.0,0.0
4,2649,Angel_of_Death_TaRasha,0.0,0.0,0.0,0.0,54.0,249.0,85.0,0.0,1.0,0.0
5,2650,叠起的滚滚,0.0,0.0,0.0,1.0,3.0,94.0,21.0,0.0,0.0,0.0
2,2651,F秋天的秋田犬,1.0,11.0,4.0,1.0,214.0,4517.0,47144.0,0.0,0.0,0.0
5,2652,秋雨夜阑,0.0,0.0,0.0,1.0,1.0,17.0,2.0,0.0,0.0,0.0
5,2653,风中的苏鲁德63895,0.0,0.0,0.0,1.0,0.0,39.0,1.0,0.0,0.0,0.0
3,2654,佐佐木了啊,0.0,0.0,0.0,1.0,8.0,1034.0,1529.0,0.0,0.0,0.0
2,2655,恵飛須沢,1.0,29.0,3.0,1.0,50.0,85.0,138.0,0.0,0.0,0.0
0,2656,海盐芝仕,1.0,9.0,1.0,1.0,165.0,797.0,697.0,0.0,0.0,0.0
2,2657,秋木杨,1.0,6.0,1.0,1.0,42.0,1170.0,848.0,0.0,0.0,0.0
4,2658,夏日追阴,0.0,0.0,0.0,0.0,1.0,27.0,32.0,0.0,0.0,0.0
1,2659,惜取少年时66074,0.0,0.0,0.0,1.0,6.0,36.0,47.0,0.0,0.0,0.0
5,2660,犯困的枫痕阿,0.0,0.0,0.0,1.0,0.0,60.0,30.0,0.0,0.0,0.0
1,2661,病娇毒舌狂三酱02806,0.0,0.0,0.0,1.0,0.0,24.0,11.0,0.0,0.0,0.0
5,2662,猫叠单数,0.0,0.0,0.0,1.0,6.0,440.0,1832.0,0.0,0.0,0.0
1,2663,邢刑形5376,0.0,0.0,0.0,1.0,3.0,75.0,0.0,0.0,0.0,0.0
5,2664,陌樱璃Cc,0.0,0.0,0.0,1.0,0.0,19.0,0.0,0.0,0.0,0.0
4,2665,大麻烦蛋,1.0,4.0,0.0,0.0,7.0,7.0,1524.0,0.0,0.0,0.0
1,2666,持长矛的少年,0.0,0.0,0.0,1.0,3.0,101.0,16.0,0.0,0.0,0.0
5,2667,冲上云霄的派大星,0.0,0.0,0.0,1.0,0.0,118.0,1.0,0.0,0.0,0.0
5,2668,打死那个沢学家61589,0.0,0.0,0.0,1.0,50.0,1669.0,16.0,0.0,0.0,0.0
1,2669,404winds,0.0,0.0,0.0,0.0,0.0,19.0,1.0,0.0,0.0,0.0
5,2670,筷子吹雪,0.0,0.0,0.0,1.0,2.0,90.0,19.0,0.0,0.0,0.0
0,2671,丹特丽安·修伊,1.0,18.0,0.0,1.0,15.0,494.0,187.0,0.0,0.0,0.0
1,2672,我再也不氪了,0.0,0.0,0.0,1.0,4.0,17.0,1.0,0.0,0.0,0.0
5,2673,田橙郓,0.0,0.0,0.0,1.0,0.0,12.0,8.0,0.0,0.0,0.0
5,2674,Eternal心晗11203,0.0,0.0,0.0,1.0,0.0,4.0,2.0,0.0,0.0,0.0
5,2675,炽热的希望之力,0.0,0.0,0.0,1.0,14.0,299.0,180.0,0.0,0.0,0.0
0,2676,小创30,1.0,0.0,7.0,1.0,23.0,378.0,27.0,0.0,0.0,0.0
5,2677,云夜悠长,0.0,0.0,0.0,1.0,1.0,29.0,63.0,0.0,0.0,0.0
4,2678,柴俊猫16625,0.0,0.0,0.0,0.0,5.0,210.0,161.0,0.0,0.0,0.0
4,2679,滥用公权利无马哦,1.0,18.0,5.0,0.0,2.0,49.0,325.0,0.0,0.0,0.0
5,2680,北凉道白衣,0.0,0.0,0.0,1.0,3.0,13.0,4.0,0.0,0.0,0.0
5,2681,NEXENO,0.0,0.0,0.0,1.0,2.0,48.0,160.0,0.0,0.0,0.0
5,2682,马甲49056,0.0,0.0,0.0,1.0,0.0,71.0,9.0,0.0,0.0,0.0
5,2683,跑步不开灯,0.0,0.0,0.0,1.0,63.0,473.0,92.0,0.0,0.0,0.0
0,2684,nimo在这呢,1.0,10.0,0.0,1.0,1.0,45.0,5.0,0.0,0.0,0.0
3,2685,双山之后花园,1.0,7.0,0.0,0.0,172.0,5134.0,48726.0,0.0,0.0,0.0
5,2686,LinkA199312,0.0,0.0,0.0,1.0,1.0,44.0,29.0,0.0,0.0,0.0
5,2687,肝爆秃头少年51973,0.0,0.0,0.0,1.0,0.0,15.0,22.0,0.0,0.0,0.0
2,2688,一切尽在计算之中,1.0,5.0,1.0,1.0,29.0,152.0,1049.0,0.0,0.0,0.0
4,2689,糖丸-lioy,1.0,13.0,10.0,0.0,21.0,149.0,39.0,0.0,0.0,0.0
0,2690,Liebriel,1.0,33.0,2.0,1.0,7.0,75.0,25.0,0.0,0.0,0.0
2,2691,阿塔尼斯的灵能利刃,1.0,9.0,0.0,0.0,153.0,879.0,601.0,0.0,0.0,0.0
5,2692,kirito_aliez,0.0,0.0,0.0,1.0,0.0,9.0,1.0,0.0,0.0,0.0
1,2693,八瓜015,0.0,0.0,0.0,1.0,1.0,51.0,16.0,0.0,0.0,0.0
4,2694,玻色子啵啵,1.0,2.0,0.0,0.0,4.0,87.0,20.0,0.0,0.0,0.0
5,2695,果格_拉客叶儿41474,0.0,0.0,0.0,1.0,0.0,54.0,23.0,0.0,0.0,0.0
2,2696,中了大家发,1.0,7.0,0.0,0.0,11.0,1067.0,1589.0,0.0,0.0,0.0
3,2697,盐煮菠萝,1.0,6.0,1.0,1.0,2.0,56.0,40.0,0.0,0.0,0.0
5,2698,Neilwasabi,0.0,0.0,0.0,1.0,0.0,124.0,0.0,0.0,0.0,0.0
5,2699,斯卡布萝,0.0,0.0,0.0,1.0,0.0,4.0,1.0,0.0,0.0,0.0
1,2700,隔热如图2050,0.0,0.0,0.0,1.0,1.0,32.0,5.0,0.0,0.0,0.0
4,2701,樱小路才华_,1.0,4.0,0.0,0.0,10.0,60.0,253.0,0.0,0.0,0.0
1,2702,菠萝198608,0.0,0.0,0.0,1.0,0.0,39.0,6.0,0.0,0.0,0.0
1,2703,一帆风顺我爱你2019,0.0,0.0,0.0,0.0,2.0,52.0,52.0,0.0,0.0,0.0
1,2704,我爱宝宝呀2019,0.0,0.0,0.0,1.0,5.0,68.0,8.0,0.0,0.0,0.0
1,2705,Mango_runruna869,0.0,0.0,0.0,1.0,3.0,60.0,7.0,0.0,0.0,0.0
4,2706,笑宝宝是个好姑娘,1.0,3.0,0.0,0.0,2.0,40.0,5.0,0.0,0.0,0.0
5,2707,为了你游单独注册的,0.0,0.0,0.0,1.0,1.0,68.0,3.0,0.0,0.0,0.0
1,2708,无世玉,0.0,0.0,0.0,1.0,2.0,8.0,2.0,0.0,0.0,0.0
1,2709,执笔丶永恒58271,0.0,0.0,0.0,1.0,0.0,14.0,8.0,0.0,1.0,0.0
1,2710,哇咔咔11647,0.0,0.0,0.0,1.0,0.0,17.0,21.0,0.0,1.0,0.0
5,2711,喵皇八百万,0.0,0.0,0.0,1.0,2.0,62.0,1.0,0.0,0.0,0.0
5,2712,作者笔落方休,0.0,0.0,0.0,1.0,1.0,61.0,2.0,0.0,0.0,0.0
1,2713,羽毛herat,0.0,0.0,0.0,1.0,0.0,2.0,1.0,0.0,0.0,0.0
0,2714,华紫煜hzy,1.0,0.0,3.0,1.0,1.0,8.0,0.0,0.0,0.0,0.0
5,2715,scenery2006,0.0,0.0,0.0,1.0,0.0,8.0,0.0,0.0,0.0,0.0
2,2716,YOLO在远方,1.0,15.0,2.0,1.0,1.0,38.0,3.0,0.0,0.0,0.0
0,2717,物雾子,1.0,8.0,1.0,1.0,5.0,260.0,142.0,0.0,0.0,0.0
5,2718,Unforgiveable70756,0.0,0.0,0.0,1.0,1.0,7.0,6.0,0.0,0.0,0.0
5,2719,KianaKaslana58529,0.0,0.0,0.0,1.0,1.0,14.0,4.0,0.0,0.0,0.0
3,2720,TheXgoisw,1.0,3.0,0.0,1.0,2.0,34.0,26.0,0.0,0.0,0.0
0,2721,我的高木同学在哪里,1.0,11.0,1.0,1.0,0.0,5.0,10.0,0.0,0.0,0.0
1,2722,宫保鸡丁517,0.0,0.0,0.0,1.0,1.0,11.0,4.0,0.0,0.0,0.0
4,2723,米拉酱x,0.0,0.0,0.0,0.0,0.0,6.0,10.0,0.0,0.0,0.0
4,2724,不会说话的拉普兰德,0.0,0.0,0.0,0.0,0.0,11.0,5.0,0.0,0.0,0.0
0,2725,星空下的特图,1.0,25.0,2.0,1.0,2.0,75.0,4.0,0.0,0.0,0.0
0,2726,辉夜月luna,1.0,20.0,3.0,1.0,1.0,16.0,151.0,0.0,0.0,0.0
0,2727,北珂23333,1.0,2.0,0.0,1.0,7.0,107.0,1.0,0.0,0.0,0.0
5,2728,林焕文201906,0.0,0.0,0.0,1.0,0.0,5.0,0.0,0.0,0.0,0.0
2,2729,身无长物你懂的,1.0,3.0,0.0,1.0,1.0,17.0,3.0,0.0,0.0,0.0
5,2730,孙笑川5655,1.0,12.0,1.0,1.0,13.0,9.0,16.0,0.0,0.0,0.0
5,2731,wjc59473,0.0,0.0,0.0,1.0,0.0,3.0,1.0,0.0,0.0,0.0
4,2732,死而复生321,0.0,0.0,0.0,0.0,0.0,19.0,6.0,0.0,0.0,0.0
1,2733,浅夏微凉51164,0.0,0.0,0.0,1.0,3.0,36.0,9.0,0.0,0.0,0.0
5,2734,桃之夭夭85427,0.0,0.0,0.0,1.0,0.0,4.0,0.0,0.0,0.0,0.0
1,2735,鲁迅39712,0.0,0.0,0.0,1.0,0.0,14.0,149.0,0.0,0.0,0.0
1,2736,Silversky72276,0.0,0.0,0.0,1.0,0.0,11.0,5.0,0.0,0.0,0.0
5,2737,支持米哈游键盘侠不服打我,0.0,0.0,0.0,1.0,0.0,25.0,1.0,0.0,0.0,0.0
5,2738,pa1n101,0.0,0.0,0.0,1.0,0.0,0.0,0.0,0.0,0.0,0.0
1,2739,理想主义萨宝,0.0,0.0,0.0,1.0,2.0,56.0,2.0,0.0,0.0,0.0
1,2740,咕咕咕19315,0.0,0.0,0.0,1.0,0.0,0.0,0.0,0.0,0.0,0.0
1,2741,猎杀米卫兵马,0.0,0.0,0.0,1.0,0.0,3.0,5.0,0.0,0.0,0.0
5,2742,杨典侠,0.0,0.0,0.0,1.0,1.0,60.0,7.0,0.0,0.0,0.0
1,2743,云起衣飞扬777,0.0,0.0,0.0,1.0,0.0,9.0,3.0,0.0,0.0,0.0
5,2744,你m死了65686,0.0,0.0,0.0,1.0,0.0,0.0,0.0,0.0,0.0,0.0
1,2745,米卫兵没有马76320,0.0,0.0,0.0,1.0,0.0,0.0,0.0,0.0,0.0,0.0
0,2746,我才不是我才不是无机酸,1.0,7.0,0.0,1.0,7.0,39.0,725.0,0.0,0.0,0.0
1,2747,leroy2222222222,0.0,0.0,0.0,0.0,0.0,35.0,0.0,0.0,0.0,0.0
5,2748,thvhg2019,0.0,0.0,0.0,1.0,0.0,141.0,0.0,0.0,0.0,0.0
0,2749,拜拉席恩·橡木盾,1.0,11.0,0.0,1.0,7.0,147.0,251.0,0.0,0.0,0.0
1,2750,wirzard1,0.0,0.0,0.0,1.0,0.0,24.0,3.0,0.0,0.0,0.0
1,2751,千枫枼,0.0,0.0,0.0,0.0,0.0,7.0,10.0,0.0,0.0,0.0
5,2752,星野爱弋,0.0,0.0,0.0,1.0,0.0,2.0,0.0,0.0,0.0,0.0
1,2753,笑顔70794,0.0,0.0,0.0,1.0,0.0,11.0,3.0,0.0,0.0,0.0
5,2754,gfsbiss,0.0,0.0,0.0,1.0,1.0,81.0,2.0,0.0,0.0,0.0
5,2755,痛哭的栗子88110,0.0,0.0,0.0,1.0,1.0,4.0,0.0,0.0,0.0,0.0
0,2756,鹤唳MOE,1.0,7.0,2.0,1.0,2.0,198.0,72.0,0.0,0.0,0.0
5,2757,雨37546,0.0,0.0,0.0,1.0,1.0,38.0,5.0,0.0,0.0,0.0
2,2758,禹馀道人65789,1.0,26.0,3.0,1.0,0.0,6.0,1.0,0.0,0.0,0.0
5,2759,JackToner,0.0,0.0,0.0,1.0,0.0,12.0,0.0,0.0,0.0,0.0
5,2760,白色透明玻璃胶,0.0,0.0,0.0,1.0,0.0,3.0,3.0,0.0,0.0,0.0
5,2761,野炊爆炸,0.0,0.0,0.0,1.0,0.0,2.0,0.0,0.0,0.0,0.0
2,2762,天河星月,1.0,14.0,0.0,1.0,30.0,176.0,65.0,0.0,0.0,0.0
1,2763,白15575,0.0,0.0,0.0,1.0,0.0,6.0,3.0,0.0,0.0,0.0
5,2764,最上74839,0.0,0.0,0.0,1.0,0.0,1.0,0.0,0.0,0.0,0.0
1,2765,yzhjtr,0.0,0.0,0.0,1.0,2.0,72.0,8.0,0.0,0.0,0.0
1,2766,aliez60529,0.0,0.0,0.0,1.0,0.0,1.0,0.0,0.0,0.0,0.0
0,2767,晚喵L,1.0,23.0,5.0,1.0,1.0,4.0,0.0,0.0,0.0,0.0
5,2768,梦葬泪枯,0.0,0.0,0.0,1.0,0.0,22.0,0.0,0.0,0.0,0.0
0,2769,身在人间的阿叶,1.0,31.0,3.0,1.0,2.0,7.0,8.0,0.0,0.0,0.0
4,2770,AlanTuringfan_vcfake,1.0,11.0,2.0,0.0,36.0,273.0,2159.0,0.0,0.0,0.0
5,2771,养老养老没头发了,0.0,0.0,0.0,1.0,0.0,24.0,1.0,0.0,0.0,0.0
1,2772,才太晚,0.0,0.0,0.0,1.0,0.0,18.0,9.0,0.0,0.0,0.0
5,2773,五行缺钱37715,0.0,0.0,0.0,1.0,3.0,31.0,158.0,0.0,0.0,0.0
5,2774,浦镇做题家,0.0,0.0,0.0,1.0,2.0,830.0,21.0,0.0,0.0,0.0
1,2775,蠢萌萌66,0.0,0.0,0.0,1.0,1.0,977.0,153.0,0.0,1.0,0.0
5,2776,墨染无颜,0.0,0.0,0.0,1.0,0.0,5.0,0.0,0.0,0.0,0.0
0,2777,港莲湾居士,1.0,15.0,2.0,1.0,0.0,54.0,3.0,0.0,0.0,0.0
2,2778,黑鸭嗨哟,1.0,1.0,0.0,1.0,0.0,6.0,0.0,0.0,0.0,0.0
4,2779,雨天日想,1.0,18.0,2.0,0.0,119.0,484.0,2331.0,0.0,1.0,1.0
1,2780,伊萌咔,0.0,0.0,0.0,1.0,1.0,113.0,5.0,0.0,0.0,0.0
0,2781,书一点禾,1.0,1.0,0.0,1.0,1.0,73.0,31.0,0.0,0.0,0.0
1,2782,我能放一车的鸽子,0.0,0.0,0.0,0.0,0.0,68.0,0.0,0.0,0.0,0.0
4,2783,小祀弟弟吖,0.0,0.0,0.0,0.0,0.0,39.0,2.0,0.0,0.0,0.0
4,2784,风起鹤归--xj,1.0,7.0,1.0,0.0,2.0,39.0,123.0,0.0,1.0,0.0
2,2785,下饭的奕泽,1.0,10.0,2.0,1.0,2.0,443.0,48.0,0.0,0.0,0.0
2,2786,沛县这个老六,1.0,0.0,2.0,1.0,0.0,3.0,0.0,0.0,0.0,0.0
0,2787,慕夏明黎,1.0,14.0,10.0,1.0,10.0,453.0,22.0,0.0,1.0,0.0
0,2788,阿七有病b,1.0,15.0,3.0,1.0,3.0,13.0,11.0,0.0,0.0,0.0
5,2789,kmimg7,0.0,0.0,0.0,1.0,0.0,31.0,4.0,0.0,0.0,0.0
4,2790,邮一棵草莓i,1.0,3.0,3.0,0.0,2.0,48.0,124.0,0.0,0.0,0.0
1,2791,獅Yue,0.0,0.0,0.0,0.0,0.0,53.0,1.0,0.0,0.0,0.0
5,2792,不知道如何评价,0.0,0.0,0.0,1.0,0.0,55.0,0.0,0.0,0.0,0.0
4,2793,EJoachim,1.0,13.0,4.0,0.0,0.0,41.0,27.0,0.0,1.0,0.0
1,2794,邱赵琳,0.0,0.0,0.0,1.0,0.0,32.0,49.0,0.0,0.0,0.0
4,2795,祎只狸猫,1.0,8.0,0.0,0.0,45.0,149.0,260.0,0.0,1.0,0.0
1,2796,名字就叫旧林,0.0,0.0,0.0,0.0,2.0,4.0,4.0,0.0,0.0,0.0
1,2797,花月歌浮舟,0.0,0.0,0.0,0.0,60.0,122.0,1.0,0.0,0.0,0.0
5,2798,寂月海200007,0.0,0.0,0.0,1.0,0.0,10.0,2.0,0.0,0.0,0.0
2,2799,烛虚cron,1.0,5.0,7.0,0.0,1.0,38.0,37.0,0.0,0.0,0.0
5,2800,bo_白色大月亮,0.0,0.0,0.0,1.0,0.0,50.0,6.0,0.0,0.0,0.0
1,2801,你好陈博,0.0,0.0,0.0,1.0,0.0,7.0,0.0,0.0,0.0,0.0
4,2802,养着兔子的猫咪,0.0,0.0,0.0,0.0,0.0,61.0,0.0,0.0,0.0,0.0
